5.08
4.99
5.15
4.91
5.27
5.84
274
5.95
5.07
5.73
5.27
57.0
3.61
5.62
5.93
4.92
5.62
5.12
4.79
177
6.12
57.0
4.96
599
4.14
4.89
4.64
5.72
57.0
595
4.21
116
5.91
5.75
5.67
5.18
5.54
5.78
57.0
194
5.74
5.54
5.03
5.80
5.29
5.86
5.99
5.06
57.0
5.34
5.51
5.49
5.43
5.05
3.46
9.91
5.51
4.62
6.04
5.71
4.94
4.51
4.97
5.83
4.85
57.0
94.3
6.22
4.88
5.56
5.64
5.36
5.54
4.75
5.54
5.73
5.59
602
6.11
57.0
5.75
5.53
5.84
6.17
57.0
5.09
57.0
274
5.38
5.15
5.72
4.58
194
5.35
56.9
5.82
592
5.73
4.71
5.57
4.41
4.49
5.46
4.16
5.34
4.39
5.63
4.93
4.69
5.38
4.35
522
5.76
4.64
5.21
4.98
5.39
4.54
4.96
4.50
3.93
3.48
4.96
3.88
4.90
5.53
5.59
5.11
4.32
5.48
3.70
4.52
4.81
3.92
4.62
4.48
5.31
4.80
4.19
602
4.63
5.36
5.93
4.05
5.44
4.95
5.24
5.44
3.74
5.11
5.01
5.25
4.78
4.84
4.43
5.34
2.65
3.73
5.02
2.45
4.44
3.90
4.82
5.51
5.48
5.41
2.97
5.14
5.41
4.32
5.29
3.92
5.46
5.40
5.59
6.09
4.67
4.81
5.08
4.27
5.52
4.23
5.12
5.01
5.82
5.85
4.18
5.37
3.02
577
5.08
4.44
5.61
4.82
4.89
6.00
4.09
5.36
4.29
4.11
4.97
4.89
538
5.27
5.20
5.36
4.68
5.05
4.90
5.02
5.09
4.31
5.15
5.39
5.17
5.65
3.07
5.95
4.90
4.91
4.93
3.84
5.96
4.83
5.20
5.76
3.95
5.31
5.26
4.96
5.42
4.85
4.43
3.42
5.64
4.74
516
4.71
4.66
5.77
5.55
4.13
5.87
4.08
4.30
4.75
2.85
5.20
3.93
4.85
4.02
687
5.31
4.53
5.87
4.27
4.36
5.01
4.09
6.04
4.79
5.41
5.34
4.57
5.62
4.80
5.33
5.14
5.48
5.14
4.80
5.68
4.89
5.56
5.38
5.24
5.73
4.10
513
5.63
4.67
5.45
4.23
5.39
4.78
4.88
4.53
5.20
4.95
4.99
5.26
5.15
5.47
5.94
5.66
5.24
5.32
5.59
5.20
5.68
5.12
598
4.39
5.38
5.99
4.52
6.14
4.62
4.17
5.59
4.94
5.03
6.02
5.71
4.90
4.72
5.36
4.79
4.38
5.18
3.87
5.36
4.05
5.80
5.15
937
5.74
4.29
5.18
5.93
5.13
5.32
4.67
5.04
4.46
1.00
5.36
4.99
4.25
4.91
4.05
6.03
5.48
5.77
4.88
4.24
5.69
4.14
5.78
4.75
5.65
5.50
4.99
5.68
2.17
521
5.12
5.27
5.50
5.56
5.37
5.34
4.68
5.32
5.86
5.45
4.89
5.09
6.25
5.59
5.17
5.78
5.30
5.42
5.70
4.32
5.41
4.28
5.95
3.98
4.72
6.05
5.10
5.42
4.41
5.55
5.44
4.70
5.34
4.75
4.77
4.12
5.46
600
5.53
4.46
5.81
5.55
5.48
5.33
5.32
5.70
5.68
3.91
5.87
4.55
5.34
4.40
5.09
1.74
4.45
5.72
4.55
5.09
5.26
5.20
4.25
5.43
5.97
5.01
4.60
5.47
5.97
10.9
4.83
5.49
5.00
5.59
5.51
4.63
6.10
4.90
5.42
5.11
5.85
6.17
5.75
5.56
5.56
5.85
4.62
5.54
2.84
4.99
5.36
5.31
11.8
5.19
5.03
5.05
4.33
5.29
4.74
5.96
4.92
4.90
4.87
5.64
5.14
5.69
5.26
5.03
5.06
591
4.05
6.25
5.19
596
5.70
5.57
62.6
4.90
5.57
6.62
4.55
5.50
5.44
6.24
5.30
2.81
5.63
5.16
5.87
5.69
4.95
5.94
4.90
4.24
5.19
5.41
5.38
5.21
4.98
5.79
5.27
4.93
4.47
5.31
5.83
4.50
4.83
5.72
4.87
5.22
4.74
5.09
4.84
5.92
4.42
4.23
5.75
4.17
4.99
5.29
4.43
5.61
4.13
5.47
5.47
5.40
5.51
10.6
5.67
3.76
5.17
4.83
5.28
5.24
5.17
5.10
5.04
5.50
5.33
5.36
4.74
5.58
4.59
4.88
5.12
6.10
5.54
5.28
5.18
4.95
4.34
6.45
4.62
4.87
5.55
5.62
5.19
5.50
5.47
5.30
5.27
5.58
3.86
4.42
5.36
1.00
10.5
4.87
4.81
4.58
670
4.68
5.77
5.47
5.44
4.96
4.47
5.48
5.30*1000
5.87*1000
6.13*1000
5.58*1000
3.94*1000
4.88*1000
4.13*1000
3.09*1000
4.69*1000
5.01*1000
4.10*1000
5.36*1000
4.09*1000
5.58*1000
5.72*1000
595
6.31*1000
4.61*1000
5.54*1000
4.87*1000
4.32*1000
4.57*1000
4.24*1000
5.53*1000
5.40*1000
3.56*1000
4.75*1000
4.54*1000
577
5.70*1000
5.15*1000
5.41*1000
4.70*1000
5.75*1000
4.34*1000
4.50*1000
5.14*1000
583
4.69*1000
4.19*1000
5.38*1000
4.92*1000
5.18*1000
3.83*1000
5.47*1000
4.11*1000
4.98*1000
4.93*1000
4.82*1000
5.35
4.09
5.45
5.16
592
5.36
5.33
4.60
4.58
5.07
5.47
4.93
4.61
595
582
965
4.37
4.90
5.64
4.44
5.21
3.66
5.23
4.71
5.19
4.67
4.81
5.61
4.48
5.07
4.70
4.99





































579
581


116





























5.63
5.27
5.26
5.33
5.81
590
5.56
5.82
5.86
10.2
5.44
3.67
5.05
5.30
4.57
5.33
4.88
4.56
5.50
10.4
5.16
5.18
5.36
4.80
5.15
4.88
5.00
5.47
586
4.83
5.39
5.41
3.65
4.66
7.07
57.0
































































599























545














599

1015



593








581





































5.38
5.06
var = 5.82
var = 5.44*1000
var =
var = 5000
var =
var =
var =
var =
after var = 5660.00
after var = 4150.00
after var = 5780.00
after var = 5370.00
after var = 4400.00
after var = 5070.00
after var = 5130.00
after var = 4770.00
after var =
after var = 4950.00
after var = 4520.00
after var =
0
after var = 5570.00
after var = 4780.00
after var = 4440.00
after var =
after var = 5810.00
after var = 5260.00
after var =
after var = 5640.00
after var = 5350.00
after var = 4660.00
after var = 5440.00
after var = 5580.00
after var = 5350.00
after var =
after var = 5170.00
after var =
after var = 5000.00
after var = 5780.00
after var = 5010.00
after var = 5360.00
after var = 5190.00
after var =
after var = 4550.00
after var = 5880.00
after var = 6360.00
5710.00
5930.00
5610.00
6700.00

5830.00

4110.00
5230.00

4530.00

5900.00
5680.00
5990.00
4670.00
5590.00

5770.00
5460.00
3880.00

5850.00
4980.00
5810.00
4510.00
5620.00

5250.00
5690.00
5530.00
5470.00
4950.00
5500.00
5700.00
5110.00

5640.00
5520.00
5700.00
5490.00
5720.00
5310.00
4270.00
5150.00
5400.00
5660.00
5660.00
5060.00
5170.00
3990.00
4770.00
5330.00
5740.00
5460.00
5160.00
4970.00
5390.00
5130.00
5240.00
4600.00
5390.00
5510.00
4880.00
5380.00
5220.00

5630.00
5600.00
6330.00
5030.00
5430.00
5520.00
5540.00
5460.00
5260.00
5700.00
5190.00
5210.00
5740.00
4840.00
5100.00
5260.00
5000.00
5080.00
5390.00
5870.00
5170.00
3560.00
4820.00
5080.00
4350.00
5320.00
4740.00
4360.00
5540.00
5470.00
5310.00
5370.00
5390.00
5840.00
5240.00
5160.00
5220.00
5410.00
5760.00
5460.00
4720.00
5270.00
5260.00
4960.00
5550.00
5090.00
4720.00
5540.00
5580.00
5110.00
5800.00
5380.00
5070.00
5610.00
5640.00
5410.00
5420.00
5030.00
5090.00
5600.00
4430.00
5340.00
5190.00
5120.00
11600.0
5350.00
5190.00
4650.00
4790.00
4790.00
4860.00
5090.00
4940.00
4810.00
5780.00
4940.00
5770.00
5590.00
5100.00
4960.00
5740.00
5780.00
4880.00
4530.00
5570.00
4000.00
5530.00
5960.00
5270.00
4370.00
4890.00
5980.00
5660.00
5880.00
4830.00
5120.00
5310.00
4780.00
5070.00
5830.00
5510.00
5610.00
4620.00
5160.00
5600.00
5390.00

4370.00
5530.00
5440.00
5440.00
2200.00
3770.00

2730.00
2100.00
2110.00


0

0
0
0
0
0
0
0
0
0
0
0
0
0
0
0
0
0
0
0
0
0
0
0
0
0
0
0
0
0
0
0
0
0
0
0
0
0
0
0
0
0
0
0
0
0
0
0
0
0
0
0
0
0
0
0
0
0
0
0
0
0
0
0
0
0
0
0
0
0
0
0
0
0
0
0
0
0
0
0
0
0
0
0
0
0
0
0
0
0
0
0
0
0
0
0
0
0
0
0
0
0
0
0
0
0
0
0
0
0
0
0
0
0
0
0
0
0
0
0
0
0
0
0
0
0
0
0
0
0
0
0
0
0
0
0
0
0
0
0
0
0
0
0
0
0
0
0
0
0
0
0
0
0
0
0
0
0
0
0
0
0
0
0
0
0
0
0
0
0
0
0
0
0
0
0
0
0
0
0
0
0
0
0
0
0
0
0
0
0
0
0
0
0
0
0
0
0
0
0
0
0
0
0
0
0
0
0
0
0
0
0
0
0
0
0
0
0
0
0
0
0
0
0
0
0
0
0
0
0
0
0
0
0
0
0
0
0
0
0
0
0
0
0
0
0
0
0
0
0
0
0
0
0
0
0
0
0
0
0
0
0
0
0
0
0
0
0
0
0
0
0
0
0
0
0
0
0
0
0
0
0
0
0
0
0
0
0
0
0
0
0
0
0
0
0
0
0
0
0
0
0
0
0
0
0
0
0
0
0
0
0
0
0
0
0
0
0
0
0
0
0
0
0
0
0
0
0
0
0
0
0
0
0
0
0
0
0
0
0
0
0
0
0
0
0
0
0
0
0
0
0
0
0
0
0
0
0
0
0
0
0
0
0
0
0
0
0
0
0
0
0
0
0
0
0
0
0
0
0
0
0
0
0
0
0
0
0
0
0
0
0
0
0
0
0
0
0
0
0
0
0
0
0
0
0
0
0
0
0
0
0
0
0
0
0
0
0
0
0
0
0
0
0
0
0
0
0
0
0
0
0
0
0
0
0
0
0
0
0
0
0
0
0
0
0
0
0
0
0
0
0
0
0
0
0
0
0
0
0
0
0
0
0
0
0
0
0
0
0
0
0
0
0
0
0
0
0
0
0
0
0
0
0
0
0
0
0
0
0
0
0
0
0
0
0
0
0
0
0
0
0
0
0
0
0
0
0
0
0
0
0
0
0
0
0
0
0
0
0
0
0
0
0
0
0
0
0
0
0
0
0
0
0
0
0
0
0
0
0
0
0
0
0
0
0
0
0
0
0
0
0
0
0
0
0
0
0
0
0
0
0
0
0
0
0
0
0
0
0
0
0
0
0
0
0
0
0
0
0
0
0
0
0
0
0
0
0
0
0
0
0
0
0
0
0
0
0
0
0
0
0
0
0
0
0
0
0
0
0
0
0
0
0
0
0
0
0
0
0
0
0
0
0
0
0
0
0
0
0
0
0
0
0
0
0
0
0
0
0
0
0
0
0
0
0
0
0
0
0
0
0
0
0
0
0
0
0
0
0
0
0
0
0
0
0
0
0
0
0
0
0
0
0
0
0
0
0
0
0
0
0
0
0
0
0
0
0
0
0
0
0
0
0
0
0
0
0
0
0
0
0
0
0
0
0
0
0
0
0
0
0
0
0
0
0
0
0
0
0
0
0
0
0
0
0
0
0
0
0
0
0
0
0
0
0
0
0
0
0
0
0
0
0
0
0
0
0
0
0
0
0
0
0
0
0
0
0
0
0
0
0
0
0
0
0
0
0
0
0
0
0
0
0
0
0
0
0
0
0
0
0
0
0
0
0
0
0
0
0
0
0
0
0
0
0
0
0
0
0
0
0
0
0
0
0
0
0
0
0
0
0
0
0
0
0
0
0
0
0
0
0
0
0
0
0
0
0
0
0
0
0
0
0
0
0
0
0
0
0
0
0
0
0
0
0
0
0
0
0
0
0
0
0
0
0
0
0
0
0
0
0
0
0
0
0
0
0
0
0
0
0
0
0
0
0
0
0
0
0
0
0
0
0
0
0
0
0
0
0
0
0
0
0
0
0
0
0
0
0
0
0
0
0
0
0
0
0
0
0
0
0
0
0
0
0
0
0
0
0
0
0
0
0
0
0
0
0
0
0
0
0
0
0
0
0
0
0
0
0
0
0
0
0
0
0
0
0
0
0
0
0
0
0
0
0
0
0
0
0
0
0
0
0
0
0
0
0
0
0
0
0
0
0
0
0
0
0
0
0
0
0
0
0
0
0
0
0
0
0
0
0
0
0
0
0
0
0
0
0
0
0
0
0
0
0
0
0
0
0
0
0
0
0
0
0
0
0
0
0
0
0
0
0
0
0
0
0
0
0
0
0
0
0
0
0
0
0
0
0
0
0
0
0
0
0
0
0
0
0
0
0
0
0
0
0
0
0
0
0
0
0
0
0
0
0
0
0
0
0
0
0
0
0
0
0
0
0
0
0
0
0
0
0
0
0
0
0
0
0
0
0
0
0
0
0
0
0
0
0
0
0
0
0
0
0
0
0
0
0
0
0
0
0
0
0
0
0
0
0
0
0
0
0
0
0
0
0
0
0
0
0
0
0
0
0
0
0
0
0
0
0
0
0
0
0
0
0
0
0
0
0
0
0
0
0
0
0
0
0
0
0
0
0
0
0
0
0
0
0
0
0
0
0
0
0
0
0
0
0
0
0
0
0
0
0
0
0
0
0
0
0
0
0
0
0
0
0
0
0
0
0
0
0
0
0
0
0
0
0
0
0
0
0
0
0
0
0
0
0
0
0
0
0
0
0
0
0
0
0
0
0
0
0
0
0
0
0
0
0
0
0
0
0
0
0
0
0
0
0
0
0
0
0
0
0
0
0
0
0
0
0
0
0
0
0
0
0
0
0
0
0
0
0
0
0
0
0
0
0
0
0
0
0
0
0
0
0
0
0
0
0
0
0
0
0
0
0
0
0
0
0
0
0
0
0
0
0
0
0
0
0
0
0
0
0
0
0
0
0
0
0
0
0
0
0
0
0
0
0
0
0
0
0
0
0
0
0
0
0
0
0
0
0
0
0
0
0
0
0
0
0
0
0
0
0
0
0
0
0
0
0
0
0
0
0
0
0
0
0
0
0
0
0
0
0
0
0
0
0
0
0
0
0
0
0
0
0
0
0
0
0
0
0
0
0
0
0
0
0
0
0
0
0
0
0
0
0
0
0
0
0
0
0
0
0
0
0
0
0
0
0
0
0
0
0
0
0
0
0
0
0
0
0
0
0
0
0
0
0
0
0
0
0
0
0
0
0
0
0
0
0
0
0
0
0
0
0
0
0
0
0
0
0
0
0
0
0
0
0
0
0
0
0
0
0
0
0
0
0
0
0
0
0
0
0
0
0
0
0
0
0
0
0
0
0
0
0
0
0
0
0
0
0
0
0
0
0
0
0
0
0
0
0
0
0
0
0
0
0
0
0
0
0
0
0
0
0
0
0
0
0
0
0
0
0
0
0
0
0
0
0
0
0
0
0
0
0
0
0
0
0
0
0
0
0
0
0
0
0
0
0
0
0
0
0
0
0
0
0
0
0
0
0
0
0
0
0
0
0
0
0
0
0
0
0
0
0
0
0
0
0
0
0
0
0
0
0
0
0
0
0
0
0
0
0
0
0
0
0
0
0
0
0
0
0
0
0
0
0
0
0
0
0
0
0
0
0
0
0
0
0
0
0
0
0
0
0
0
0
0
0
0
0
0
0
0
0
0
0
0
0
0
0
0
0
0
0
0
0
0
0
0
0
0
0
0
0
0
0
0
0
0
0
0
0
0
0
0
0
0
0
0
0
0
0
0
0
0
0
0
0
0
0
0
0
0
0
0
0
0
0
0
0
0
0
0
0
0
0
0
0
0
0
0
0
0
0
0
0
0
0
0
0
0
0
0
0
0
0
0
0
0
0
0
0
0
0
0
0
0
0
0
0
0
0
0
0
0
0
0
0
0
0
0
0
0
0
0
0
0
0
0
0
0
0
0
0
0
0
0
0
0
0
0
0
0
0
0
0
0
0
0
0
0
0
0
0
0
0
0
0
0
0
0
0
0
0
0
0
0
0
0
0
0
0
0
0
0
0
0
0
0
0
0
0
0
0
0
0
0
0
0
0
0
0
0
0
0
0
0
0
0
0
0
0
0
0
0
0
0
0
0
0
0
0
0
0
0
0
0
0
0
0
0
0
0
0
0
0
0
0
0
0
0
0
0
0
0
0
0
0
0
0
0
0
0
0
0
0
0
0
0
0
0
0
0
0
0
0
0
0
0
0
0
0
0
0
0
0
0
0
0
0
0
0
0
0
0
0
0
0
0
0
0
0
0
0
0
0
0
0
0
0
0
0
0
0
0
0
0
0
0
0
0
0
0
0
0
0
0
0
0
0
0
0
0
0
0
0
0
0
0
0
0
0
0
0
0
0
0
0
0
0
0
0
0
0
0
0
0
0
0
0
0
0
0
0
0
0
0
0
0
0
0
0
0
0
0
0
0
0
0
0
0
0
0
0
0
0
0
0
0
0
0
0
0
0
0
0
0
0
0
0
0
0
0
0
0
0
0
0
0
0
0
0
0
0
0
0
0
0
0
0
0
0
0
0
0
0
0
0
0
0
0
0
0
0
0
0
0
0
0
0
0
0
0
0
0
0
0
0
0
0
0
0
0
0
0
0
0
0
0
0
0
0
0
0
0
0
0
0
0
0
0
0
0
0
0
0
0
0
0
0
0
0
0
0
0
0
0
0
0
0
0
0
0
0
0
0
0
0
0
0
0
0
0
0
0
0
0
0
0
0
0
0
0
0
0
0
0
0
0
0
0
0
0
0
0
0
0
0
0
0
0
0
0
0
0
0
0
0
0
0
0
0
0
0
0
0
0
0
0
0
0
0
0
0
0
0
0
0
0
0
0
0
0
0
0
0
0
0
0
0
0
0
0
0
0
0
0
0
0
0
0
0
0
0
0
0
0
0
0
0
0
0
0
0
0
0
0
0
0
0
0
0
0
0
0
0
0
0
0
0
0
0
0
0
0
0
0
0
0
0
0
0
0
0
0
0
0
0
0
0
0
0
0
0
0
0
0
0
0
0
0
0
0
0
0
0
0
0
0
0
0
0
0
0
0
0
0
0
0
0
0
0
0
0
0
0
0
0
0
0
0
0
0
0
0
0
0
0
0
0
0
0
0
0
0
0
0
0
0
0
0
0
0
0
0
0
0
0
0
0
0
0
0
0
0
0
0
0
0
0
0
0
0
0
0
0
0
0
0
0
0
0
0
0
0
0
0
0
0
0
0
0
0
0
0
0
0
0
0
0
0
0
0
0
0
0
0
0
0
0
0
0
0
0
0
0
0
0
0
0
0
0
0
0
0
0
0
0
0
0
0
0
0
0
0
0
0
0
0
0
0
0
0
0
0
0
0
0
0
0
0
0
0
0
0
0
0
0
0
0
0
0
0
0
0
0
0
0
0
0
0
0
0
0
0
0
0
0
0
0
0
0
0
0
0
0
0
0
0
0
0
0
0
0
0
0
0
0
0
0
0
0
0
0
0
0
0
0
0
0
0
0
0
0
0
0
0
0
0
0
0
0
0
0
0
0
0
0
0
0
0
0
0
0
0
0
0
0
0
0
0
0
0
0
0
0
0
0
0
0
0
0
0
0
0
0
0
0
0
0
0
0
0
0
0
0
0
0
0
0
0
0
0
0
0
0
0
0
0
0
0
0
0
0
0
0
0
0
0
0
0
0
0
0
0
0
0
0
0
0
0
0
0
0
0
0
0
0
0
0
0
0
0
0
0
0
0
0
0
0
0
0
0
0
0
0
0
0
0
0
0
0
0
0
0
0
0
0
0
0
0
0
0
0
0
0
0
0
0
0
0
0
0
0
0
0
0
0
0
0
0
0
0
0
0
0
0
0
0
0
0
0
0
0
0
0
0
0
0
0
0
0
0
0
0
0
0
0
0
0
0
0
0
0
0
0
0
0
5380.00
5670.00

5260.00
5700.00
4540.00
4200.00
5160.00
4630.00
5200.00
4650.00
4670.00

4430.00
4800.00
4780.00
4130.00
4340.00
4910.00
3980.00
4540.00
4600.00
4490.00
5000.00
4500.00
3850.00
5290.00
4070.00
4830.00
3760.00
4600.00
3920.00
4010.00
4750.00
3500.00
4430.00
5010.00
4210.00
5220.00
4560.00
4640.00
3870.00
4270.00
4730.00
3840.00
4710.00
3010.00

5000.00
4650.00
4440.00
8150.00

3800.00
4220.00
4550.00
1430.00
4560.00
4130.00
4830.00
3260.00
4070.00
3560.00
5730.00
3470.00
4420.00
4580.00

4450.00
4470.00
4530.00
4510.00
4520.00
4560.00
4960.00
4310.00
4390.00
4950.00
4670.00
2940.00
5410.00
4230.00

3810.00
4260.00
4170.00
3920.00
4580.00
4740.00
4910.00
4680.00
4920.00
4630.00
3540.00
5100.00
4270.00
4060.00

4600.00
4800.00
4590.00
3920.00
4670.00
4710.00
4280.00
4370.00
3350.00
2790.00
3270.00

3270.00


0
0
0
0
0
0
0

0
0
0
0
0
0
0
0
0
0
0
0
0
0
0
0
0
0
0
0
0
0
0
0
0
0
0
0
0
0
0
0
0
0
0
0
0
0
0
0
0
0
0
0
0
0
0
0
0
0
0
0
0
0
0
0
0
0
0
0
0
0
0
0
0
0
0
0
0
0
0
0
0
0
0
0
0
0
0
0
0
0
0
0
0
0
0
0
0
0
0
0
0
0
0
0
0
0
0
0
0
0
0
0
0
0
0
0
0
0
0
0
0
0
0
0
0
0
0
0
0
0
0
0
0
0
0
0
0
0
0
0
0
0
0
0
0
4310.00

4870.00
4930.00
4210.00

4870.00
5200.00
4130.00
4830.00
4370.00
4770.00
4900.00
4930.00
3670.00
3280.00
4440.00
4730.00
4800.00
4070.00
3780.00
4990.00
3720.00
4570.00
3970.00

3760.00
2560.00
1470.00
2570.00
3080.00
2100.00




0
0
0



0




1210.00

0


0
0
0








1180.00





0
0
0

0
1250.00
1150.00






0
0
0
0
0
0
0
1410.00


0













0



0
0

















0









0










0
0









0
0



0
0

1380.00

0
0
0
0
0
0
0

0
0
0



0
0
0
0
0
0
0
0
0
0
0

0
0








0
0
0
0

0












0
0
0

0








0
0
0
0
0
0
0
0
0

61.6
43.5
92.9
430
80.8
71.5
57.3
64.2
35.6
37.0
37.0
38.7
98.3
119
68.9
72.8
44.4
77.9
file
0
0
0
0
0
0
65.1
file
0
0
file
0
0
0
0
0
0
0
0
0
0
0
0
0
0
0
0
0
0
0
0
0
0
0
0
0
0
0
0
0
0
0
file
0
0
0
0
0
0
0
0
0
0
0
0
0
0
0
48.8
0
0
0
0
124
145
0
620
599
20.1
497
1150.00
610
578
446
326
414
297
231
348
491
1200.00
1670.00
878
872
142
1210.00
283
519
911
817
1020.00
1011
299
384
303
562
232
370
246
127
file
0
127
138
996
file
0
1350.00
973
658
747
1120.00
961
782
597
396
37.9
764
file
0
1020.00
880
778
284
622
593
40.0
547
45.6
165
781
696
718
309
195
380
230
913
72.9
339
674
166
621
1007
956
648
806
843
294
98.1
57.3
901
887
151
639
567
776
1530.00
382
807
1010.00
1460.00
1130.00
504
282
1360.00
462
1250.00
1480.00
305
240
329
1011
926
1130.00
738
885
1490.00
1010.00
1490.00
865
599
775
145
432
0
257
911
244
592
146
780
754
272
792
714
211
785
246
353
814
370
345
268
735
462
644
252
102
file
0
file
0
859
72.7
158
326
141
file
0
0
0
0
0
0
0
0
267
40.1
40.9
57.0
0
0
0
0
161
0
0
0
196
0
file
0
0
915
400
1020.00
0
131
0
268
794
379
1510.00
121
276
50.2
file
0
0
0
0
0
0
0
0
0
0
0
0
0
<<<<<<< HEAD
5470.00
5380.00
4960.00
5200.00
4630.00
5030.00
4370.00
4660.00
4730.00
4160.00
5200.00
4450.00
5030.00
5000.00
5050.00
4510.00
4800.00
5480.00
5180.00
4200.00
596
4700.00
5210.00
4690.00
4880.00
5140.00
4390.00
4940.00
4620.00
5680.00
4790.00
4530.00
4850.00
4690.00
5470.00
5190.00
5080.00
5200.00
5080.00
2830.00
4550.00
984
4880.00
4970.00
4360.00
3450.00
4830.00
4440.00
5120.00
5020.00
5230.00
194
3800.00
4180.00
4150.00
3800.00
3650.00
3150.00
3990.00
4250.00
2720.00
3910.00
1990.00
3330.00
565
2960.00
3860.00
4710.00
3030.00
226
1640.00
2930.00
3480.00
2470.00
3480.00
346
2960.00
2750.00
3670.00
3220.00
3800.00
3670.00
4240.00
3060.00
4140.00
4710.00
4080.00
6550.00
3760.00
4130.00
4490.00
178
3130.00
2050.00
3760.00
4520.00
4290.00
2680.00
3860.00
4040.00
3710.00
4570.00
3380.00
4020.00
3590.00
2370.00
3090.00
461
3340.00
3600.00
3840.00
3730.00
4630.00
803
3890.00
2190.00
4050.00
3800.00
98.9
2660.00
1460.00
805
39.6
359
94.0
29.0
0
0
0
0
0
5180.00
4880.00
4980.00
4080.00
4900.00
4540.00
5220.00
4430.00
4790.00
5090.00
5490.00
4730.00
4770.00
5180.00
4830.00
5560.00
4870.00
192
5020.00
4760.00
4350.00
4310.00
4830.00
4100.00
5120.00
5160.00
4600.00
3950.00
4480.00
5570.00
4690.00
4860.00
5090.00
5400.00
4280.00
5250.00
5260.00
4210.00
4840.00
4830.00
4570.00
5250.00
4220.00
5110.00
4530.00
4730.00
5400.00
5530.00
4190.00
5200.00
4380.00
5160.00
4530.00
5130.00
5510.00
4520.00
4470.00
5440.00
4990.00
5220.00
4620.00
4630.00
4160.00
5240.00
4920.00
4750.00
3910.00
5300.00
4650.00
4880.00
4770.00
4470.00
4700.00
4700.00
5080.00
591
4350.00
568
5090.00
5220.00
4780.00
5040.00
5170.00
587
3960.00
5010.00
4680.00
82.4
4850.00
5220.00
5500.00
5050.00
4590.00
4910.00
5120.00
5280.00
4930.00
594
5050.00
4480.00
4630.00
4700.00
5000.00
4500.00
4970.00
587
4550.00
5130.00
5040.00
5270.00
5250.00
4500.00
5480.00
590
5050.00
47.5
4510.00
5040.00
5320.00
5280.00
4770.00
5010.00
5490.00
4280.00
5090.00
4660.00
4790.00
4920.00
5020.00
3960.00
5040.00
4830.00
5280.00
4170.00
4660.00
5200.00
2320.00
0
1640.00
5170.00
5030.00
5280.00
4760.00
7050.00
4800.00
5190.00
3730.00
4620.00
3860.00
4440.00
5130.00
5170.00
4100.00
4660.00
5110.00
5240.00
4750.00
4780.00
4720.00
4130.00
4990.00
3940.00
4510.00
5050.00
4360.00
4020.00
4210.00
4480.00
4060.00
4570.00
4230.00
4440.00
3130.00
4910.00
3690.00
4120.00
4880.00
2490.00
5020.00
4600.00
4460.00
3680.00
572
5380.00
3120.00
4380.00
4320.00
4420.00
4440.00
4690.00
3350.00
4400.00
3420.00
4530.00
4870.00
5030.00
4870.00
4570.00
4570.00
4790.00
4640.00
5310.00
4090.00
4020.00
4340.00
4490.00
3930.00
4720.00
4100.00
5120.00
4620.00
4800.00
5100.00
590
4360.00
4900.00
4500.00
5040.00
4070.00
3920.00
4450.00
4430.00
4310.00
4980.00
2550.00
4300.00
4590.00
3960.00
4840.00
4980.00
2770.00
4790.00
4850.00
5200.00
4420.00
4090.00
4450.00
4240.00
3920.00
3960.00
583
3970.00
5000.00
4230.00
4770.00
4110.00
587
4660.00
4930.00
3290.00
4650.00
47.5
5940.00
4890.00
5480.00
6390.00
5030.00
4860.00
5450.00
4810.00
4930.00
5180.00
4610.00
5260.00
4650.00
4900.00
4890.00
4870.00
4920.00
5180.00
4950.00
5350.00
5470.00
4880.00
5010.00
3290.00
4370.00
5200.00
4900.00
5090.00
4510.00
5700.00
5300.00
4410.00
4810.00
5140.00
4430.00
4600.00
4980.00
5310.00
4980.00
4620.00
4430.00
4520.00
5010.00
4580.00
4390.00
3790.00
4420.00
4630.00
5130.00
4290.00
4480.00
4010.00
4060.00
4870.00
4480.00
4420.00
4520.00
4780.00
4110.00
4340.00
3860.00
3650.00
4330.00
3730.00
5020.00
4970.00
4240.00
5590.00
4090.00
5140.00
4260.00
4420.00
4410.00
5390.00
4010.00
4530.00
4180.00
4490.00
4000.00
4100.00
4500.00
69.0
570
903
1350.00
992
728
341
1110.00
564
249
820
0
181
704
923
460
77.5
25.7
393
107
417
148
373
434
893
311
764
36.3
31.3
88.8
70.5
86.2
file
0
0
0
0
0
0
0
0
0
69.7
28.4
48.0
63.6
49.9
36.5
16.2
33.8
14.7
0
0
0
0
0
0
0
0
0
0
0
489
1018
0
470
303
244
2230.00
3180.00
242
10.1
17.9
19.1
31.2
0
0
0
3560.00
4710.00
3620.00
4610.00
4610.00
3270.00
3520.00
3480.00
518
198
4140.00
4790.00
4270.00
3910.00
4810.00
4690.00
3090.00
4540.00
557
4850.00
5360.00
4080.00
3930.00
4150.00
4920.00
4890.00
3000.00
3780.00
4310.00
3370.00
<<<<<<< HEAD
4350.00
3340.00
2830.00
4080.00
3750.00
3010.00
39.7
2340.00
2900.00
2620.00
2490.00
1920.00
2570.00
48.1
2140.00
694
2020.00
1710.00
1850.00
403
1650.00
685
1470.00
52.5
1520.00
635
1610.00
1540.00
1010.00
1480.00
1740.00
626
1490.00
643
1010.00
1550.00
1570.00
1450.00
1500.00
643
1370.00
3130.00
3470.00
3270.00
2760.00
3790.00
3000.00
470
3090.00
848
3600.00
4330.00
3020.00
3960.00
4080.00
4390.00
4140.00
3810.00
4240.00
3380.00
3840.00
2860.00
3580.00
3930.00
3820.00
3870.00
4370.00
874
3820.00
4420.00
3520.00
3360.00
3950.00
3950.00
3420.00
3520.00
3850.00
3850.00
3130.00
4090.00
3430.00
3610.00
3780.00
4240.00
3150.00
91.0
3210.00
2220.00
2710.00
3010.00
2890.00
2530.00
2690.00
2520.00
2560.00
2900.00
2680.00
2750.00
2340.00
2500.00
2480.00
762
2680.00
3210.00
2360.00
79.3
2060.00
90.5
3380.00
92.0
2510.00
2800.00
2460.00
2390.00
2710.00
2920.00
2400.00
2370.00
2480.00
2770.00
2700.00
2970.00
1410.00
2820.00
2700.00
2830.00
2230.00
452
2240.00
2570.00
2680.00
2570.00
2130.00
2930.00
423
2690.00
2870.00
2580.00
2800.00
2650.00
2730.00
2830.00
2510.00
2940.00
2730.00
2810.00
2700.00
459
2250.00
455
2720.00
2590.00
2460.00
2950.00
2590.00
2960.00
2560.00
2770.00
2530.00
2800.00
2520.00
3090.00
41.9
1560.00
40.1
1320.00
518
1930.00
1570.00
1670.00
1630.00
1650.00
1630.00
1470.00
42.9
2080.00
1850.00
2390.00
699
2120.00
2170.00
2210.00
2130.00
2130.00
2240.00
1740.00
1920.00
1870.00
526
2010.00
1970.00
405
2000.00
2380.00
999
1550.00
1740.00
2080.00
1530.00
2000.00
2070.00
1950.00
2280.00
158
1720.00
692
1750.00
675
1540.00
1270.00
1710.00
1730.00
1970.00
1590.00
1840.00
1820.00
1590.00
1600.00
89.0
1290.00
1490.00
1610.00
1670.00
1550.00
635
1650.00
1670.00
1680.00
1580.00
1610.00
655
1640.00
1530.00
1540.00
644
1570.00
650
1530.00
1800.00
1490.00
4300.00
4350.00
878
4000.00
3860.00
3960.00
3910.00
3950.00
4980.00
4320.00
3450.00
4380.00
3240.00
4030.00
2140.00
43.5
2790.00
2230.00
3540.00
3910.00
3020.00
3450.00
3220.00
2860.00
2970.00
809
2850.00
3060.00
3390.00
3160.00
2840.00
815
2930.00
3200.00
3470.00
3150.00
59.5
2470.00
2690.00
2390.00
2650.00
2500.00
61.3
1720.00
2130.00
1990.00
1930.00
2140.00
708
1890.00
70.1
1780.00
1790.00
1610.00
1890.00
1640.00
1720.00
1820.00
681
1820.00
682
1610.00
1830.00
57.4
1430.00
659
1620.00
55.4
2510.00
2090.00
2320.00
60.6
1960.00
2140.00
2300.00
736
2200.00
2100.00
1850.00
1800.00
2310.00
53.9
1800.00
1860.00
1670.00
48.1
1460.00
52.2
1570.00
51.8
1150.00
684
1570.00
1410.00
1760.00
1710.00
1650.00
1660.00
1440.00
438
1060.00
1580.00
1560.00
1580.00
1570.00
569
1760.00
427
1700.00
684
1370.00
1520.00
1600.00
1510.00
1430.00
65.6
1530.00
1450.00
1600.00
1600.00
1720.00
49.3
1410.00
1460.00
1400.00
1650.00
1650.00
1440.00
1720.00
1710.00
1680.00
1560.00
1590.00
687
3370.00
3560.00
3410.00
4770.00
4120.00
837
3940.00
53.1
2600.00
3700.00
2260.00
59.0
2290.00
52.7
2020.00
430
2000.00
749
1880.00
2070.00
2010.00
2150.00
2090.00
2230.00
2000.00
2190.00
2080.00
96.0
1740.00
1580.00
1770.00
1650.00
1780.00
1670.00
1820.00
1710.00
1780.00
1700.00
1770.00
1710.00
1480.00
698
1760.00
1760.00
1780.00
1670.00
1630.00
223
1350.00
220
1280.00
1490.00
1400.00
1480.00
1610.00
1460.00
1430.00
1070.00
1470.00
1480.00
36.9
1490.00
38.8
1380.00
37.1
1600.00
39.3
2420.00
3090.00
2320.00
2080.00
2410.00
2200.00
2350.00
2780.00
2530.00
2730.00
2290.00
781
2430.00
3070.00
2270.00
37.8
2220.00
42.0
1730.00
34.5
1500.00
556
1440.00
1680.00
1800.00
1320.00
1590.00
40.1
1480.00
1700.00
1680.00
1690.00
1460.00
682
1480.00
1680.00
1510.00
1580.00
1570.00
39.7
1630.00
1590.00
1610.00
566
1520.00
1660.00
1520.00
1440.00
1570.00
1620.00
1500.00
629
1420.00
1670.00
1640.00
1590.00
1610.00
1660.00
1620.00
34.5
1290.00
31.4
581
1420.00
1720.00
3900.00
3930.00
3550.00
3320.00
755
2980.00
3840.00
4150.00
36.3
1910.00
2160.00
1940.00
2160.00
1950.00
1920.00
1860.00
861
2140.00
43.0
1690.00
40.3
1680.00
363
1400.00
1480.00
1540.00
578
1440.00
36.4
1230.00
1510.00
1250.00
1730.00
1260.00
1570.00
1400.00
1440.00
1570.00
503
996
38.0
1200.00
1470.00
1380.00
638
1400.00
1470.00
1510.00
38.8
536
1240.00
37.3
1340.00
1420.00
1240.00
529
1520.00
36.2
1350.00
1420.00
1320.00
571
1090.00
1080.00
1400.00
36.5
1290.00
2720.00
3710.00
2970.00
3550.00
3180.00
3570.00
1730.00
759
1530.00
2600.00
3450.00
3990.00
4340.00
3050.00
550
2990.00
3390.00
2920.00
59.2
2090.00
66.5
2030.00
1770.00
2260.00
2010.00
1840.00
1900.00
1090.00
2080.00
725
1750.00
1930.00
1850.00
1690.00
1930.00
1840.00
1750.00
2160.00
1680.00
1830.00
53.4
1690.00
660
1610.00
1630.00
1640.00
1660.00
1490.00
1730.00
1330.00
1450.00
1460.00
1670.00
666
1850.00
1810.00
1740.00
109
1410.00
413
1580.00
118
1280.00
1530.00
1520.00
631
4230.00
2300.00
3660.00
4420.00
4130.00
3110.00
4730.00
3630.00
3750.00
4030.00
34.2
2300.00
2900.00
2130.00
2880.00
2290.00
2840.00
2680.00
2880.00
2420.00
34.5
2450.00
2040.00
2060.00
42.6
1800.00
2040.00
1890.00
426
2010.00
897
1900.00
1990.00
1950.00
40.1
1730.00
1650.00
1740.00
1630.00
1690.00
48.3
1560.00
1480.00
1510.00
1610.00
1460.00
1350.00
1650.00
1510.00
1650.00
1350.00
1490.00
528
1460.00
96.6
1440.00
87.1
1440.00
1420.00
1510.00
1770.00
1500.00
1410.00
1500.00
1460.00
1700.00
1550.00
3750.00
3370.00
4120.00
272
1820.00
1720.00
1810.00
1970.00
1730.00
701
1930.00
2130.00
2090.00
1880.00
1820.00
429
727
1790.00
2400.00
1960.00
32.0
651
1720.00
1710.00
380
1900.00
1770.00
1350.00
1830.00
1720.00
1450.00
1670.00
2120.00
1530.00
964
1830.00
1730.00
643
1810.00
653
1760.00
154
1550.00
408
1590.00
1210.00
1370.00
1310.00
1410.00
1400.00
1590.00
1420.00
1470.00
1510.00
1550.00
1750.00
1390.00
1580.00
1330.00
1490.00
1610.00
1700.00
1610.00
1580.00
1640.00
1480.00
2700.00
4560.00
3690.00
3250.00
3880.00
3240.00
818
3550.00
4590.00
3060.00
3690.00
3870.00
3850.00
4670.00
3490.00
3090.00
4010.00
4410.00
3270.00
419
35.6
1370.00
599
1520.00
38.6
1280.00
1610.00
1540.00
1610.00
1370.00
1010.00
1520.00
34.1
1340.00
36.4
1430.00
1660.00
1580.00
679
1390.00
1520.00
1590.00
42.1
1630.00
1440.00
1530.00
1630.00
1580.00
1570.00
1690.00
1220.00
1470.00
1540.00
1650.00
53.3
1610.00
642
1420.00
1540.00
1320.00
1490.00
1300.00
1410.00
1630.00
59.6
1300.00
643
3560.00
1730.00
2880.00
2390.00
3470.00
3390.00
3520.00
3490.00
3280.00
2700.00
2870.00
915
3960.00
3670.00
3430.00
3930.00
2740.00
3320.00
2880.00
3880.00
2390.00
34.5
2910.00
2380.00
2150.00
2770.00
31.7
2490.00
1390.00
2220.00
2490.00
2100.00
2160.00
177
1780.00
690
1420.00
1820.00
1780.00
1660.00
1810.00
227
1510.00
1540.00
502
1250.00
1410.00
1430.00
1610.00
1600.00
1580.00
619
1650.00
1640.00
1590.00
1580.00
1620.00
340
1450.00
1660.00
1440.00
1640.00
1620.00
528
1640.00
1550.00
3540.00
3940.00
3850.00
3920.00
3710.00
3680.00
4130.00
3430.00
4150.00
4160.00
33.0
1940.00
3180.00
2990.00
2740.00
1970.00
34.2
1890.00
1700.00
1660.00
37.3
1680.00
1730.00
1640.00
42.7
1600.00
1650.00
1590.00
418
1460.00
505
1470.00
41.7
1650.00
1640.00
1640.00
400
1480.00
1500.00
1680.00
1600.00
1490.00
441
1170.00
39.9
1500.00
622
1630.00
1570.00
1490.00
1500.00
1510.00
1560.00
1690.00
1420.00
1520.00
658
1790.00
1430.00
1580.00
1560.00
1430.00
1550.00
1570.00
1570.00
1690.00
1600.00
3840.00
62.3
2820.00
2690.00
2610.00
2630.00
2730.00
2670.00
2680.00
2730.00
2910.00
457
4070.00
123
1720.00
2120.00
2920.00
2470.00
2360.00
2560.00
2500.00
160
2150.00
1850.00
1830.00
721
1650.00
2030.00
2270.00
2280.00
1760.00
1160.00
2110.00
1980.00
2200.00
34.2
1820.00
1880.00
1560.00
1700.00
1750.00
34.6
1480.00
33.7
1480.00
31.6
597
1520.00
648
1380.00
42.8
1450.00
660
1500.00
962
1680.00
1580.00
1510.00
1550.00
1540.00
728
1880.00
1350.00
1620.00
1640.00
1430.00
1600.00
3200.00
31.8
3190.00
2870.00
3150.00
2670.00
3950.00
2270.00
1910.00
659
2880.00
2900.00
2960.00
3530.00
2700.00
754
2620.00
43.6
2170.00
2070.00
2480.00
2260.00
766
2250.00
2430.00
2360.00
2400.00
2140.00
2570.00
2280.00
66.3
1910.00
2100.00
1970.00
58.5
1610.00
1550.00
1790.00
1840.00
1580.00
1740.00
1800.00
1760.00
1900.00
675
1700.00
1760.00
1690.00
1830.00
408
1820.00
445
1940.00
1830.00
1760.00
678
1380.00
1840.00
1650.00
1700.00
1810.00
411
1850.00
1780.00
1890.00
1640.00
3890.00
3780.00
3130.00
1340.00
4130.00
3800.00
4220.00
3900.00
3890.00
3960.00
3800.00
4170.00
3230.00
848
3740.00
815
2800.00
4120.00
3720.00
3940.00
3740.00
3970.00
3600.00
4140.00
3940.00
3740.00
3500.00
3580.00
1960.00
3700.00
3490.00
61.4
1410.00
1640.00
1510.00
534
1650.00
651
1640.00
1590.00
1410.00
67.5
1350.00
1590.00
1550.00
1650.00
1500.00
1560.00
1470.00
1630.00
1660.00
1550.00
1650.00
1470.00
1360.00
636
1640.00
1580.00
1410.00
211
1370.00
129
1400.00
1510.00
1520.00
1540.00
1660.00
2950.00
3850.00
3920.00
4290.00
3950.00
35.4
2830.00
2470.00
39.6
2170.00
2260.00
2470.00
2350.00
1920.00
33.9
1920.00
1930.00
2250.00
1850.00
2160.00
34.4
1830.00
1840.00
519
1520.00
1860.00
1600.00
37.0
1470.00
1650.00
1570.00
1480.00
1720.00
1690.00
1480.00
1390.00
1680.00
1580.00
1410.00
1510.00
1610.00
1440.00
1550.00
1640.00
1280.00
504
1460.00
1490.00
1420.00
1620.00
1580.00
1530.00
398
1500.00
638
1500.00
1460.00
1500.00
77.4
1400.00
1260.00
1680.00
86.7
1460.00
642
1220.00
841
3290.00
3490.00
4550.00
2750.00
4060.00
3470.00
3260.00
81.3
1680.00
672
1700.00
1730.00
1570.00
1860.00
1750.00
127
1500.00
1530.00
1640.00
1470.00
1460.00
666
1490.00
1780.00
1360.00
1540.00
1630.00
230
1350.00
1610.00
1550.00
323
1080.00
615
1390.00
1450.00
1570.00
1430.00
1620.00
271
1430.00
1530.00
1550.00
1550.00
1550.00
1480.00
633
1570.00
1260.00
1370.00
524
1480.00
448
1550.00
1560.00
1480.00
1190.00
1260.00
49.6
1330.00
43.3
1460.00
1410.00
1540.00
1570.00
1560.00
3170.00
3230.00
3940.00
4080.00
47.0
2550.00
2100.00
2360.00
2240.00
1970.00
2070.00
2390.00
2350.00
2660.00
68.6
2240.00
52.6
1670.00
1750.00
1580.00
664
1660.00
1690.00
1650.00
1660.00
1510.00
1420.00
1870.00
157
1670.00
1380.00
1390.00
1570.00
1350.00
1660.00
1590.00
1690.00
1530.00
529
1550.00
34.2
1320.00
33.9
1570.00
650
1460.00
33.9
1500.00
1510.00
1570.00
1400.00
1380.00
223
1270.00
155
1510.00
225
1360.00
1410.00
1540.00
1470.00
1380.00
219
1270.00
638
1500.00
239
2450.00
240
1920.00
98.2
1700.00
135
1450.00
107
1500.00
119
1420.00
166
1160.00
117
1350.00
196
1360.00
122
1350.00
179
1360.00
201
1330.00
126
1320.00
153
1280.00
219
1420.00
652
1390.00
179
1280.00
221
1480.00
118
1590.00
287
1450.00
133
1350.00
155
1320.00
119
1500.00
119
1390.00
1650.00
1470.00
239
1540.00
560
666
1810.00
1530.00
1380.00
33.7
572
933
1600.00
1520.00
1640.00
1500.00
1620.00
491
1560.00
3920.00
3230.00
35.7
2270.00
34.5
1560.00
1980.00
2100.00
2130.00
1950.00
2010.00
1950.00
2110.00
2280.00
1520.00
2470.00
417
1600.00
684
1250.00
2060.00
1940.00
662
2250.00
2270.00
1900.00
395
1980.00
2080.00
2080.00
562
1580.00
2050.00
2140.00
2100.00
1730.00
568
1990.00
2000.00
1830.00
2030.00
2000.00
706
2150.00
1940.00
2110.00
1880.00
1990.00
652
2030.00
2010.00
1930.00
2210.00
1950.00
2090.00
2170.00
1940.00
2240.00
1860.00
2060.00
1970.00
2340.00
1820.00
2070.00
1940.00
2010.00
696
3200.00
3580.00
3890.00
3280.00
4140.00
692
4230.00
832
3990.00
3270.00
2240.00
3840.00
1900.00
3380.00
3110.00
3370.00
2870.00
3930.00
3840.00
3510.00
3370.00
3680.00
3440.00
3180.00
3330.00
2750.00
3880.00
3310.00
3090.00
2440.00
3580.00
4230.00
2240.00
3470.00
2470.00
3390.00
2480.00
2610.00
2800.00
2950.00
2780.00
2540.00
3680.00
4200.00
3470.00
4180.00
3840.00
3060.00
3640.00
3810.00
3220.00
3150.00
4130.00
3520.00
3210.00
3290.00
581
1970.00
1060.00
1700.00
517
3470.00
3610.00
3840.00
2520.00
3560.00
2880.00
4080.00
3780.00
3470.00
1540.00
4270.00
2920.00
3760.00
3170.00
3000.00
3240.00
3110.00
3890.00
3640.00
3550.00
3910.00
3600.00
3540.00
3030.00
4070.00
3510.00
3800.00
3990.00
3670.00
4010.00
3520.00
3680.00
3590.00
3130.00
3780.00
2860.00
3320.00
3960.00
3960.00
4360.00
4070.00
4410.00
3760.00
3700.00
4100.00
2620.00
2900.00
4030.00
3950.00
3470.00
4110.00
1990.00
3710.00
4320.00
3250.00
3370.00
3290.00
3460.00
1910.00
3450.00
3650.00
3670.00
780
3280.00
3700.00
3930.00
3290.00
4080.00
800
3530.00
4290.00
3960.00
3800.00
4590.00
836
5190.00
4080.00
1360.00
3240.00
507
4220.00
4500.00
4290.00
3900.00
3970.00
3910.00
786
3910.00
4290.00
3470.00
2610.00
3950.00
3810.00
3700.00
3120.00
3860.00
4040.00
4120.00
4020.00
3160.00
3510.00
880
1790.00
832
4210.00
4390.00
3440.00
2170.00
3190.00
4220.00
3810.00
2680.00
3720.00
678
3150.00
3600.00
3160.00
2190.00
3270.00
3540.00
2970.00
2250.00
3760.00
2680.00
3530.00
788
3230.00
3180.00
3180.00
3030.00
3430.00
3320.00
2680.00
2700.00
3600.00
2970.00
2920.00
804
3890.00
3300.00
3890.00
3280.00
3680.00
3370.00
3500.00
1290.00
3660.00
2690.00
3840.00
3900.00
3450.00
3370.00
3360.00
4030.00
3420.00
3050.00
4020.00
850
4100.00
3350.00
3800.00
3250.00
3140.00
2880.00
3840.00
3780.00
4190.00
2550.00
3870.00
3040.00
3190.00
3810.00
3630.00
3970.00
3840.00
817
3810.00
3500.00
4080.00
3740.00
2760.00
3960.00
3600.00
4000.00
3540.00
459
3720.00
828
4220.00
3750.00
3330.00
3610.00
4160.00
3450.00
3800.00
4810.00
3250.00
823
3450.00
3090.00
3870.00
824
4570.00
3490.00
4300.00
3020.00
4150.00
458
3920.00
3540.00
3400.00
3680.00
3280.00
3350.00
3760.00
3220.00
3760.00
3700.00
3670.00
3700.00
3550.00
814
3490.00
673
3970.00
3800.00
3730.00
3870.00
3870.00
3040.00
2980.00
3220.00
3980.00
2680.00
659
3540.00
3480.00
3670.00
3340.00
3740.00
3700.00
3310.00
457
3090.00
3120.00
3400.00
428
1790.00
2180.00
2970.00
784
3210.00
3380.00
3590.00
3000.00
3570.00
3710.00
3210.00
3740.00
1840.00
797
2480.00
780
2840.00
2940.00
3050.00
3720.00
3480.00
2840.00
3000.00
3130.00
4330.00
4090.00
3770.00
4040.00
4140.00
2570.00
3750.00
4580.00
4070.00
3870.00
3670.00
3650.00
3210.00
3360.00
4080.00
4090.00
4110.00
756
3870.00
5140.00
2770.00
3770.00
1540.00
779
1130.00
4060.00
3830.00
3370.00
4220.00
3830.00
3880.00
3240.00
3830.00
3450.00
3810.00
3610.00
3920.00
3550.00
3300.00
2900.00
3830.00
3830.00
3920.00
3730.00
2710.00
2240.00
3470.00
4110.00
3380.00
3590.00
1440.00
776
3970.00
3590.00
2680.00
4100.00
4170.00
3680.00
3210.00
3840.00
4150.00
690
3800.00
857
4170.00
3270.00
6230.00
3540.00
3900.00
3750.00
3660.00
3860.00
3400.00
2870.00
4030.00
3220.00
1430.00
3270.00
3820.00
830
3370.00
3210.00
2440.00
2170.00
4040.00
4200.00
4070.00
3500.00
2710.00
3550.00
696
1330.00
434
3850.00
2090.00
4310.00
3510.00
3550.00
3190.00
3570.00
3460.00
2700.00
4140.00
3750.00
783
3480.00
4540.00
2060.00
3890.00
3990.00
2560.00
2130.00
3530.00
4210.00
841
623
3750.00
2640.00
4260.00
3190.00
2600.00
3220.00
1030.00
4620.00
4130.00
3360.00
3500.00
3930.00
3810.00
4140.00
3530.00
3810.00
798
3960.00
3880.00
4190.00
3520.00
3650.00
475
2120.00
2110.00
4350.00
1430.00
3500.00
3650.00
2010.00
3480.00
3880.00
3790.00
3570.00
797
3580.00
2320.00
3630.00
3530.00
4080.00
3550.00
2780.00
3740.00
3560.00
715
4100.00
866
3410.00
3690.00
3930.00
3820.00
2730.00
3060.00
2830.00
1970.00
3750.00
4400.00
4200.00
2670.00
2250.00
4380.00
4250.00
4390.00
4030.00
3950.00
3960.00
3620.00
3570.00
4540.00
3290.00
3820.00
4100.00
3760.00
3830.00
4150.00
4170.00
3820.00
4550.00
4000.00
446
4150.00
3920.00
3720.00
473
4170.00
818
4110.00
503
3930.00
3490.00
3750.00
3790.00
3740.00
4130.00
3900.00
4430.00
6630.00
4260.00
4290.00
4080.00
4180.00
4000.00
3610.00
3740.00
4160.00
3710.00
5700.00
4380.00
3850.00
4430.00
3910.00
3660.00
4070.00
3720.00
3510.00
3020.00
806
3450.00
4440.00
4030.00
3720.00
4000.00
3840.00
3840.00
3940.00
4750.00
468
4030.00
3700.00
3840.00
3900.00
4310.00
3430.00
3750.00
3910.00
3760.00
3630.00
3610.00
3600.00
3880.00
1120.00
2880.00
477
3470.00
3660.00
3380.00
745
809
3100.00
3270.00
1670.00
1540.00
4270.00
566
3600.00
3770.00
3840.00
2390.00
3260.00
1300.00
3040.00
4290.00
3970.00
4290.00
3090.00
4340.00
1980.00
3480.00
1660.00
3680.00
2480.00
4440.00
3410.00
2770.00
3020.00
3520.00
3350.00
162
1820.00
=======
3410.00
3950.00
4670.00
5180.00
8500.00
4820.00
5020.00
4140.00
4550.00
4870.00
4230.00
574
4180.00
4600.00
4280.00
4850.00
4770.00
4870.00
4160.00
196
284
772
378
0
696
369
0
0
0
0
0
0
0
0
0
0
0
0
0
0
0
=======
>>>>>>> f4f0fbc662ecad984a1fe08053b3d5ee21664e90
0
0
0
0
0
0
0
0
0
0
0
0
0
0
0
0
0
0
0
0
0
0
0
0
0
0
0
0
0
0
0
0
0
0
0
0
0
0
0
0
0
0
0
0
0
0
0
0
0
0
0
0
0
0
0
0
0
0
0
0
0
0
0
0
0
0
0
0
0
0
0
0
0
0
0
0
0
0
0
0
0
0
0
0
0
0
0
0
0
0
0
0
0
0
0
0
0
0
0
0
0
0
0
0
0
0
0
0
0
0
0
0
0
0
0
0
0
0
0
0
0
0
0
0
0
0
0
<<<<<<< HEAD
=======
67.6
84.0
>>>>>>> f4f0fbc662ecad984a1fe08053b3d5ee21664e90
0
0
0
0
0
0
0
0
<<<<<<< HEAD
0
0
0
0
0
0
0
0
227
110
69.0
33.9
249
1960.00
1850.00
1770.00
2630.00
2950.00
289
337
25.7
129
148
197
593
1940.00
1390.00
1160.00
828
745
1190.00
31.2
17.9
0
0
0
0
0
0
0
=======
74.2
77.7
55.0
110
3370.00
>>>>>>> f4f0fbc662ecad984a1fe08053b3d5ee21664e90
4260.00
4210.00
5000.00
4800.00
4450.00
4900.00
3590.00
4350.00
4280.00
4010.00
4210.00
4630.00
3890.00
5410.00
4020.00
4420.00
4420.00
4540.00
5210.00
4790.00
5380.00
0
0
0
0
0
0
0
5420.00
4900.00
4920.00
4890.00
4740.00
5210.00
4950.00
4820.00
4690.00
82.6
5440.00
4880.00
568
5390.00
4740.00
4700.00
4390.00
586
4810.00
4470.00
4090.00
5280.00
4650.00
4450.00
5100.00
4750.00
4320.00
5300.00
5080.00
5380.00
4590.00
4570.00
3550.00
4550.00
5060.00
4700.00
4990.00
4930.00
5000.00
4640.00
4200.00
4560.00
5590.00
4520.00
5720.00
4010.00
2220.00
4810.00
4620.00
4980.00
2800.00
4970.00
5190.00
3830.00
4720.00
3570.00
4430.00
46.5
4870.00
5230.00
4830.00
4370.00
4220.00
5210.00
4380.00
192
4690.00
3600.00
4140.00
4520.00
5010.00
5450.00
4910.00
4190.00
5130.00
4470.00
4760.00
4880.00
4940.00
4240.00
4790.00
4650.00
4950.00
5310.00
4840.00
4540.00
4070.00
4670.00
3870.00
4790.00
4100.00
560
4740.00
4660.00
5540.00
4500.00
4470.00
4760.00
5370.00
4350.00
4770.00
4760.00
3600.00
5050.00
5080.00
5090.00
4180.00
4940.00
4940.00
4480.00
4400.00
5210.00
4870.00
3470.00
4160.00
4810.00
597
5580.00
4300.00
4970.00
4860.00
4890.00
5350.00
4550.00
4760.00
4880.00
3550.00
4290.00
4570.00
4810.00
5190.00
4640.00
4440.00
5070.00
4210.00
4400.00
3930.00
4690.00
4810.00
4350.00
4160.00
4460.00
4850.00
4660.00
5370.00
4950.00
4270.00
4750.00
3690.00
3740.00
4050.00
4710.00
3810.00
5370.00
4280.00
4370.00
3930.00
3850.00
5080.00
4030.00
4470.00
4540.00
4980.00
5160.00
5040.00
4850.00
4680.00
4390.00
4470.00
575
5260.00
4300.00
5680.00
3870.00
5100.00
4900.00
5120.00
3700.00
5330.00
4000.00
4930.00
5040.00
4990.00
4150.00
4950.00
4300.00
4880.00
4200.00
3860.00
3480.00
4920.00
4950.00
4510.00
581
5030.00
5920.00
578
4770.00
4890.00
4720.00
4270.00
70.5
5080.00
4870.00
4400.00
5510.00
47.5
4610.00
5140.00
3880.00
5320.00
4530.00
5010.00
3980.00
4860.00
5380.00
4810.00
3710.00
4670.00
3350.00
5010.00
5420.00
2860.00
4820.00
4260.00
3920.00
4350.00
4530.00
4630.00
5050.00
4440.00
4370.00
4730.00
4860.00
4540.00
4510.00
4670.00
5410.00
3950.00
4850.00
4870.00
4410.00
4620.00
5970.00
583
4610.00
4940.00
3930.00
4320.00
4670.00
4550.00
5410.00
4560.00
5080.00
5060.00
4700.00
4920.00
4970.00
4150.00
4540.00
4820.00
4410.00
3570.00
4560.00
4110.00
4510.00
4370.00
4300.00
3960.00
3720.00
4010.00
3100.00
3960.00
4300.00
3020.00
4540.00
4890.00
2050.00
4930.00
4290.00
4050.00
2220.00
3850.00
2520.00
3650.00
4900.00
47.5
4850.00
4920.00
4150.00
4470.00
3960.00
2840.00
5040.00
4810.00
4170.00
4990.00
5260.00
3900.00
4440.00
4150.00
4770.00
4770.00
4710.00
5220.00
3740.00
5500.00
4370.00
5550.00
4450.00
4400.00
4820.00
4650.00
4850.00
4660.00
4870.00
4620.00
5210.00
4830.00
4160.00
3500.00
4860.00
4310.00
4810.00
4730.00
4540.00
4950.00
5010.00
5240.00
5120.00
4330.00
567
3960.00
3850.00
4760.00
4480.00
5350.00
4930.00
4830.00
4240.00
4730.00
5370.00
588
5420.00
5040.00
5120.00
5120.00
3910.00
5590.00
5360.00
5430.00
5140.00
4670.00
4560.00
5040.00
4800.00
4810.00
4390.00
4100.00
4640.00
4680.00
4510.00
5000.00
4380.00
5250.00
5020.00
4530.00
4920.00
3580.00
4940.00
4990.00
4410.00
5080.00
3730.00
5120.00
5280.00
4740.00
5190.00
3650.00
4360.00
4930.00
4460.00
5180.00
3670.00
4470.00
4160.00
4540.00
4070.00
4740.00
4930.00
4810.00
4980.00
5580.00
4770.00
5300.00
5170.00
4770.00
5430.00
4710.00
5210.00
5080.00
4780.00
5360.00
4520.00
4420.00
4330.00
47.5
4320.00
64.1
4660.00
4620.00
4750.00
5120.00
4960.00
3110.00
5670.00
4780.00
4870.00
5420.00
4670.00
5140.00
4560.00
4920.00
4490.00
5050.00
5300.00
4290.00
5320.00
5100.00
5240.00
5010.00
4980.00
5200.00
4730.00
4260.00
4530.00
4110.00
4020.00
4180.00
4790.00
5440.00
3980.00
566
3820.00
5340.00
5470.00
4090.00
4900.00
5620.00
4940.00
5200.00
5260.00
4820.00
4940.00
3930.00
4900.00
52.4
5690.00
5280.00
5590.00
4580.00
4500.00
5440.00
5180.00
4620.00
5100.00
5190.00
3460.00
5070.00
4760.00
1880.00
4910.00
5800.00
5430.00
4740.00
5270.00
4360.00
4230.00
3710.00
5180.00
4640.00
5040.00
5460.00
557
4850.00
4060.00
5510.00
4820.00
5060.00
4970.00
4230.00
5160.00
4710.00
4240.00
4020.00
4910.00
4820.00
5540.00
4630.00
4970.00
4170.00
5310.00
4720.00
4840.00
4760.00
5570.00
5000.00
4360.00
4020.00
4980.00
3280.00
572
4750.00
4450.00
579
5120.00
4940.00
3220.00
4270.00
4410.00
4910.00
5160.00
4500.00
3510.00
4830.00
2960.00
3440.00
4530.00
4830.00
4440.00
4850.00
4220.00
5230.00
3970.00
4650.00
3790.00
4590.00
3570.00
4410.00
4160.00
5550.00
4370.00
4530.00
5210.00
4790.00
4290.00
4180.00
5120.00
5410.00
4760.00
4680.00
4450.00
4750.00
4390.00
4890.00
3730.00
4370.00
4210.00
5000.00
556
4400.00
3390.00
4470.00
2080.00
4710.00
5050.00
4400.00
4450.00
4230.00
4520.00
5010.00
4510.00
4420.00
4080.00
4770.00
4620.00
4630.00
4620.00
4280.00
4400.00
3860.00
4240.00
578
4670.00
3640.00
583
4700.00
4180.00
4320.00
3720.00
567
4440.00
4870.00
3970.00
4020.00
588
4050.00
5010.00
3750.00
18.8
3240.00
3760.00
3820.00
3590.00
4080.00
3810.00
3390.00
4280.00
3610.00
4530.00
3610.00
3860.00
2950.00
3650.00
3710.00
3330.00
4370.00
559
2570.00
3460.00
3790.00
3540.00
3130.00
4710.00
3610.00
4740.00
4430.00
3560.00
3970.00
4270.00
4690.00
3800.00
4340.00
3410.00
582
4550.00
4170.00
3670.00
4590.00
3350.00
3570.00
3540.00
566
4540.00
4110.00
4930.00
4350.00
4090.00
5050.00
3840.00
1670.00
2060.00
1950.00
1830.00
1700.00
1410.00
1900.00
728
1610.00
1770.00
1030.00
1930.00
2180.00
1870.00
1990.00
2020.00
2040.00
1830.00
2600.00
2340.00
2490.00
2180.00
2500.00
2080.00
2360.00
2270.00
2470.00
2310.00
2510.00
2400.00
2560.00
2430.00
2390.00
2580.00
2230.00
2470.00
2460.00
2670.00
2460.00
2580.00
2310.00
2530.00
5320.00
4960.00
4450.00
5300.00
4660.00
4760.00
4560.00
5090.00
4580.00
4420.00
4760.00
194
4300.00
4860.00
47.5
5400.00
4710.00
3030.00
4530.00
4430.00
5080.00
3940.00
5180.00
4180.00
5150.00
4220.00
4790.00
4810.00
4660.00
5460.00
4900.00
5050.00
4950.00
4550.00
5460.00
4850.00
3330.00
5250.00
4740.00
4970.00
4240.00
5110.00
5020.00
5260.00
4410.00
4340.00
4380.00
4510.00
3890.00
4920.00
4970.00
4590.00
4750.00
4000.00
4840.00
4490.00
4870.00
560
5230.00
5390.00
4890.00
4700.00
4480.00
4450.00
5100.00
4930.00
4980.00
4870.00
5180.00
4140.00
4760.00
4960.00
5110.00
5130.00
4630.00
5680.00
4480.00
5050.00
4330.00
5370.00
3770.00
4800.00
4270.00
5040.00
4040.00
3470.00
3930.00
5250.00
4590.00
5130.00
3920.00
4900.00
5220.00
5070.00
4730.00
5010.00
5050.00
5310.00
4590.00
3970.00
4160.00
5600.00
3200.00
3740.00
5480.00
4570.00
4680.00
5170.00
5320.00
3960.00
4050.00
4780.00
5170.00
4530.00
4710.00
5240.00
4660.00
4800.00
4260.00
5370.00
4670.00
5040.00
5200.00
4280.00
598
4760.00
4920.00
4820.00
5240.00
589
4140.00
5000.00
4780.00
5380.00
4350.00
3970.00
4960.00
4980.00
4610.00
4280.00
4740.00
4410.00
4890.00
4130.00
3490.00
3620.00
3880.00
3840.00
4280.00
5580.00
3790.00
4550.00
4100.00
4360.00
4090.00
4380.00
4190.00
4740.00
3800.00
4370.00
3470.00
3930.00
3690.00
3660.00
3060.00
3590.00
4700.00
4020.00
4060.00
1570.00
3360.00
4380.00
4240.00
4350.00
4190.00
4000.00
3700.00
4130.00
2200.00
212
3300.00
2250.00
4210.00
4700.00
2970.00
4170.00
3940.00
4170.00
2860.00
5050.00
4630.00
4630.00
4380.00
3940.00
3760.00
3800.00
3690.00
4050.00
4250.00
4580.00
4380.00
4590.00
5200.00
5100.00
3790.00
5520.00
4760.00
5020.00
590
4970.00
575
586
4470.00
5200.00
4980.00
5060.00
4980.00
4870.00
4350.00
4570.00
4310.00
4530.00
4300.00
56.9
4080.00
4890.00
668
5120.00
581
4880.00
5220.00
5120.00
5170.00
4540.00
1022
4640.00
5290.00
4860.00
4760.00
4930.00
5080.00
4460.00
4690.00
4470.00
3650.00
3800.00
571
4190.00
4780.00
590
3900.00
583
3980.00
5210.00
4620.00
2210.00
4640.00
5250.00
5170.00
3940.00
5110.00
4660.00
4350.00
4630.00
4660.00
4460.00
5740.00
5450.00
4620.00
4530.00
5050.00
4530.00
4900.00
5430.00
4580.00
4090.00
5440.00
4410.00
4710.00
5040.00
5610.00
5140.00
5140.00
4140.00
3210.00
4460.00
573
5190.00
5400.00
3800.00
3880.00
537
3920.00
4990.00
579
5240.00
4800.00
5140.00
4420.00
594
5410.00
5050.00
4250.00
5680.00
592
5330.00
5150.00
588
3790.00
552
4590.00
4820.00
4320.00
4170.00
5590.00
4660.00
4290.00
4740.00
4340.00
4290.00
4090.00
4220.00
4380.00
4640.00
5050.00
5270.00
5340.00
5280.00
5010.00
588
3620.00
3880.00
3800.00
4690.00
3840.00
580
4020.00
4100.00
4550.00
4790.00
4450.00
5100.00
5210.00
5080.00
5580.00
5030.00
5300.00
4040.00
4800.00
4200.00
4670.00
4260.00
4460.00
4140.00
4580.00
591
4590.00
4910.00
588
4030.00
5140.00
4170.00
4970.00
4640.00
5650.00
4380.00
5580.00
4310.00
4920.00
5250.00
4960.00
4560.00
4390.00
3740.00
5090.00
4330.00
3740.00
4110.00
3790.00
4340.00
3350.00
4020.00
4510.00
3840.00
3880.00
2850.00
3790.00
3010.00
3440.00
3980.00
4760.00
4830.00
574
3780.00
4670.00
3920.00
4730.00
4270.00
4880.00
4640.00
4570.00
4320.00
5090.00
4220.00
5030.00
4260.00
4740.00
4440.00
2560.00
5020.00
5270.00
3900.00
4880.00
4280.00
5190.00
4930.00
4650.00
4860.00
4510.00
4650.00
4680.00
5250.00
566
4380.00
4270.00
4860.00
3350.00
4880.00
4970.00
4770.00
4470.00
5140.00
4720.00
4880.00
4630.00
5180.00
5050.00
4640.00
3260.00
4170.00
5020.00
4760.00
4430.00
4170.00
4990.00
5270.00
3500.00
4690.00
4300.00
4990.00
4830.00
4810.00
4600.00
4780.00
4690.00
5360.00
5060.00
4440.00
4760.00
4000.00
4990.00
5270.00
4810.00
4190.00
5270.00
4600.00
4250.00
4830.00
4140.00
4960.00
4960.00
4910.00
4800.00
4170.00
4370.00
5240.00
5090.00
4340.00
5420.00
4790.00
4450.00
4600.00
5500.00
4890.00
4150.00
3760.00
5350.00
4790.00
5400.00
3610.00
4860.00
4690.00
4270.00
4220.00
4990.00
4550.00
5130.00
4800.00
4630.00
5500.00
4080.00
4780.00
4570.00
4610.00
4220.00
5210.00
4900.00
4810.00
4300.00
3610.00
4910.00
4910.00
3680.00
4720.00
47.5
3910.00
4570.00
4540.00
4100.00
4660.00
4730.00
4950.00
4180.00
4670.00
5130.00
5080.00
3590.00
4630.00
188
5400.00
3700.00
3880.00
4790.00
4980.00
4540.00
4540.00
586
4740.00
3810.00
5130.00
4740.00
4420.00
591
4620.00
582
5500.00
5110.00
5080.00
3710.00
5290.00
5090.00
4780.00
4730.00
4340.00
4330.00
568
4710.00
4460.00
4530.00
4140.00
5120.00
4470.00
5050.00
4660.00
5460.00
4180.00
4370.00
3710.00
4690.00
4200.00
4840.00
4140.00
4130.00
4450.00
4830.00
4190.00
4810.00
4530.00
3730.00
4500.00
4820.00
5260.00
5070.00
4280.00
5220.00
5710.00
3470.00
4610.00
3700.00
4850.00
3220.00
4170.00
47.9
4540.00
5430.00
4570.00
4010.00
4620.00
5220.00
4550.00
4040.00
4230.00
4500.00
5150.00
4890.00
5000.00
4250.00
5190.00
5230.00
5140.00
5270.00
5100.00
4620.00
5220.00
665
4170.00
5100.00
271
3970.00
4420.00
5010.00
4320.00
5180.00
4420.00
5290.00
4320.00
4730.00
5410.00
5070.00
5380.00
3930.00
3680.00
3040.00
4750.00
3860.00
4940.00
4280.00
4970.00
4260.00
5270.00
5120.00
4330.00
52.4
4030.00
4690.00
1790.00
4880.00
4650.00
2700.00
5380.00
4600.00
4390.00
5470.00
3200.00
5070.00
4110.00
5070.00
4430.00
586
3900.00
588
4750.00
4800.00
4820.00
4660.00
578
586
2630.00
578
4090.00
4560.00
4590.00
4780.00
5120.00
4910.00
5000.00
5090.00
4890.00
4150.00
5280.00
4760.00
4480.00
4630.00
4970.00
5200.00
98.6
4150.00
5090.00
4690.00
4820.00
4880.00
4920.00
4650.00
5060.00
3550.00
4830.00
7680.00
5240.00
5080.00
5130.00
4670.00
4370.00
4170.00
3080.00
4460.00
82.5
4710.00
4750.00
4820.00
4540.00
4500.00
4530.00
4870.00
4580.00
3150.00
5060.00
3590.00
5430.00
4840.00
3680.00
4940.00
4470.00
4600.00
4680.00
4510.00
4300.00
532
1970.00
552
5100.00
5010.00
4930.00
4670.00
4980.00
4820.00
5240.00
4490.00
5320.00
4530.00
4280.00
4660.00
4980.00
4240.00
4960.00
4770.00
5040.00
4800.00
3440.00
4020.00
4400.00
4960.00
4440.00
3680.00
4670.00
4030.00
5100.00
4720.00
4320.00
4290.00
585
4510.00
4030.00
5020.00
5040.00
3130.00
3940.00
4670.00
5150.00
5130.00
4280.00
4930.00
4810.00
3850.00
4810.00
4830.00
4450.00
4730.00
4590.00
4660.00
3340.00
3490.00
4570.00
4920.00
4340.00
3140.00
4670.00
4310.00
5010.00
3990.00
4440.00
4190.00
4100.00
3860.00
4950.00
3970.00
5200.00
4750.00
4740.00
4630.00
4750.00
3590.00
4420.00
3900.00
4790.00
5060.00
4220.00
4550.00
5130.00
5100.00
4210.00
4980.00
4670.00
4680.00
4800.00
3390.00
4710.00
5190.00
3540.00
5010.00
4980.00
4090.00
2940.00
4390.00
4510.00
3880.00
5160.00
5340.00
4330.00
3780.00
5070.00
4650.00
9040.00
4270.00
4950.00
3690.00
4950.00
4730.00
5040.00
962
4190.00
4720.00
4230.00
4540.00
3200.00
4300.00
5090.00
5220.00
4760.00
4260.00
4860.00
3790.00
4620.00
5310.00
4710.00
4730.00
4770.00
4540.00
4060.00
4240.00
4870.00
4370.00
3930.00
5740.00
4230.00
4700.00
4930.00
4320.00
5080.00
4910.00
5050.00
4040.00
4270.00
4600.00
3990.00
4560.00
4530.00
4440.00
4550.00
4350.00
4160.00
4230.00
2960.00
4640.00
3550.00
5160.00
5260.00
2800.00
4350.00
4650.00
224
3190.00
2850.00
2760.00
2600.00
2900.00
2740.00
3190.00
4860.00
4570.00
4680.00
4660.00
115
4830.00
3920.00
4920.00
4770.00
4110.00
4940.00
5030.00
3240.00
4420.00
4950.00
4040.00
4490.00
4410.00
5150.00
4970.00
5180.00
4730.00
5260.00
4680.00
4530.00
4870.00
3790.00
5100.00
5030.00
2740.00
5170.00
4620.00
4290.00
5400.00
5050.00
4310.00
4600.00
3490.00
5230.00
5510.00
4200.00
4460.00
4330.00
5090.00
4840.00
5140.00
566
4910.00
591
5050.00
587
4980.00
4280.00
588
5430.00
5440.00
4670.00
3710.00
579
4190.00
4490.00
582
3650.00
566
5430.00
3960.00
3870.00
3690.00
4080.00
4600.00
4160.00
4220.00
4710.00
5540.00
4580.00
5320.00
4880.00
3450.00
5000.00
3410.00
5520.00
5160.00
3710.00
566
4940.00
4170.00
3870.00
4640.00
4750.00
52.4
4500.00
4910.00
542
4440.00
586
185
4220.00
4710.00
4160.00
591
4880.00
5000.00
5170.00
4050.00
5390.00
5000.00
4500.00
5210.00
5420.00
4980.00
2920.00
5180.00
3230.00
4560.00
4740.00
3820.00
5120.00
4560.00
4660.00
4960.00
583
4690.00
4360.00
4400.00
3510.00
1590.00
4980.00
3720.00
5630.00
4820.00
4700.00
4830.00
5350.00
4960.00
4890.00
3870.00
5040.00
4720.00
4880.00
5350.00
5190.00
5460.00
4950.00
2230.00
4880.00
3470.00
4680.00
5010.00
4140.00
4200.00
4810.00
4180.00
5220.00
584
4640.00
4400.00
4540.00
2830.00
4600.00
5210.00
4190.00
4490.00
4580.00
3960.00
3940.00
3470.00
5190.00
4850.00
4200.00
4870.00
4120.00
4870.00
4380.00
5060.00
4960.00
4840.00
4590.00
4780.00
4250.00
4780.00
4310.00
4730.00
4450.00
4320.00
4110.00
596
4880.00
5550.00
4710.00
4960.00
140
4640.00
4340.00
558
4930.00
524
3830.00
4830.00
4050.00
5310.00
5370.00
4560.00
1220.00
64.2
282
5050.00
3350.00
4750.00
4780.00
4450.00
194
3030.00
3140.00
3250.00
3240.00
2950.00
3640.00
3560.00
2770.00
3500.00
3300.00
3410.00
38.3
3740.00
2580.00
2410.00
563
3510.00
3540.00
3340.00
3140.00
3710.00
2910.00
3970.00
3240.00
2870.00
3630.00
4090.00
2950.00
3850.00
3280.00
3340.00
3140.00
3000.00
3210.00
3460.00
2900.00
3450.00
3490.00
3260.00
5280.00
3510.00
5170.00
5110.00
4720.00
4610.00
4610.00
4620.00
4540.00
1340.00
5390.00
5160.00
5120.00
4910.00
5230.00
4980.00
4540.00
4800.00
4700.00
4980.00
4470.00
4530.00
4900.00
5340.00
5110.00
4770.00
4950.00
5090.00
4610.00
4620.00
5440.00
4250.00
5070.00
5110.00
47.5
5250.00
5330.00
5700.00
4910.00
5020.00
4790.00
4630.00
4820.00
4290.00
524
4670.00
52.4
4590.00
4950.00
4960.00
5310.00
4980.00
2900.00
5470.00
5380.00
4700.00
4630.00
5050.00
5290.00
61.1
5240.00
56.9
5140.00
4720.00
4200.00
5640.00
4420.00
4580.00
4820.00
4890.00
2810.00
4560.00
4450.00
<<<<<<< HEAD
>>>>>>> c1ad0b32bfa010454ebc296495cdb2a2f87fd3f2
=======
3980.00
4870.00
5530.00
4260.00
4860.00
4530.00
47.5
4940.00
5380.00
249
0
489
17.5
41.3
81.1
42.3
48.1
57.3
47.0
97.1
93.5
48.6
77.1
38.9
65.2
221
799
481
115
37.9
48.9
91.4
45.1
79.7
44.5
0
0
0
0
0
0
0
0
0
0
0
0
0
0
0
0
0
0
0
0
0
0
0
<<<<<<< HEAD
0
0
0
0
0
3600.00
4580.00
5440.00
4510.00
63.9
5010.00
5340.00
4570.00
5140.00
3860.00
4790.00
4970.00
4950.00
9230.00
4940.00
4910.00
4710.00
5310.00
5670.00
4660.00
4480.00
4540.00
4240.00
4720.00
4960.00
4110.00
47.5
4680.00
4870.00
4640.00
4830.00
4570.00
5280.00
194
5520.00
4230.00
5130.00
5050.00
5090.00
4050.00
4520.00
5500.00
4740.00
5290.00
4270.00
4120.00
8170.00
4370.00
5080.00
3980.00
4600.00
589
5020.00
4870.00
5210.00
4240.00
4660.00
9150.00
4110.00
3780.00
1890.00
2380.00
2580.00
520
2370.00
2100.00
2470.00
2390.00
2210.00
2540.00
2310.00
42.6
2270.00
1890.00
2440.00
534
2290.00
2430.00
1720.00
2250.00
2440.00
2380.00
4400.00
82.3
4750.00
1720.00
2150.00
2350.00
63.1
2270.00
2230.00
2070.00
2280.00
1640.00
2280.00
2330.00
48.6
2220.00
2310.00
2410.00
2010.00
2230.00
2310.00
2380.00
2360.00
2110.00
2420.00
2340.00
529
2230.00
528
2560.00
2400.00
2520.00
2210.00
2440.00
147
0
0
0
0
0
0
0
0
0
0
0
0
0
0
0
0
0
0
0
0
0
0
0
0
0
0
0
0
0
0
0
0
0
0
0
0
0
0
0
0
0
0
0
0
0
0
0
0
0
0
0
0
0
0
0
0
0
0
0
0
0
0
0
0
0
0
0
0
0
0
0
0
0
0
0
0
0
0
0
0
0
0
0
0
0
0
0
0
0
0
0
0
0
0
0
0
0
0
0
0
0
0
0
0
0
0
0
0
0
0
0
0
0
0
0
0
0
0
0
0
0
0
0
0
0
0
0
0
0
0
0
0
0
0
0
0
0
0
0
0
0
0
0
0
0
0
0
0
0
0
0
0
0
0
0
0
0
0
0
0
0
0
0
651
266
437
152
46.2
283
1200.00
1360.00
569
763
22.7
0
0
0
0
0
0
0
0
0
55.6
54.4
54.4
=======
>>>>>>> 80fa5544de2621a672bbfa8996eb1eb1ab6e174f
>>>>>>> 2c30b344b42844444203612d4a0dc8f8ff3d9635
4830.00
4800.00
5140.00
594
5740.00
4990.00
6180.00
5970.00
5150.00
5270.00
4770.00
4570.00
4720.00
4730.00
4790.00
2440.00
4590.00
5450.00
4620.00
4790.00
4140.00
5520.00
3910.00
5730.00
5130.00
4640.00
6050.00
5510.00
6060.00
52.4
5230.00
5850.00
4000.00
5160.00
5250.00
5010.00
4430.00
5240.00
4380.00
115
4950.00
5360.00
2780.00
5030.00
4380.00
4930.00
4700.00
5090.00
4550.00
4550.00
4070.00
5130.00
4230.00
4530.00
4800.00
4700.00
1980.00
2440.00
2590.00
2480.00
60.6
2380.00
2540.00
2310.00
2430.00
2480.00
2580.00
2610.00
2340.00
2390.00
2450.00
2490.00
2390.00
2520.00
2320.00
2520.00
2680.00
44.1
5270.00
5390.00
47.5
4470.00
5340.00
4890.00
5490.00
5180.00
4740.00
5160.00
4550.00
4810.00
4740.00
5010.00
4450.00
4870.00
5010.00
5580.00
5070.00
5420.00
5450.00
5720.00
4890.00
4350.00
5070.00
4590.00
5050.00
4050.00
5220.00
5050.00
5070.00
4500.00
5000.00
5240.00
4380.00
3830.00
4940.00
3720.00
5020.00
193
4500.00
4470.00
64.1
4490.00
2230.00
5070.00
4420.00
4250.00
5890.00
4840.00
4820.00
4380.00
8890.00
4670.00
5080.00
5400.00
5290.00
3840.00
5100.00
4570.00
4760.00
8220.00
5600.00
564
5360.00
585
5050.00
4250.00
4900.00
4710.00
4880.00
4280.00
4420.00
3900.00
5000.00
3820.00
4900.00
4150.00
5340.00
4770.00
5120.00
4330.00
5920.00
5100.00
5310.00
5150.00
4890.00
4770.00
5310.00
5290.00
5440.00
4770.00
5360.00
5240.00
4940.00
4640.00
4630.00
568
5430.00
5210.00
4810.00
4820.00
4380.00
55.6
5230.00
5260.00
47.5
5510.00
4700.00
5120.00
5120.00
4360.00
3990.00
4260.00
5470.00
5600.00
3430.00
4980.00
4700.00
4480.00
4650.00
4290.00
3540.00
4460.00
4380.00
4740.00
0
0
169
87.8
487
1360.00
0
790
21.4
160
445
5470.00
4710.00
5120.00
5570.00
4930.00
4230.00
5120.00
3000.00
5290.00
5250.00
5020.00
5340.00
4830.00
4800.00
4590.00
4590.00
5180.00
5080.00
6020.00
4950.00
567
4970.00
4570.00
1006
4960.00
4170.00
5560.00
5340.00
5740.00
5210.00
4850.00
4240.00
5660.00
5040.00
5070.00
4470.00
4760.00
4590.00
4760.00
4970.00
190
5180.00
4420.00
4980.00
5120.00
4670.00
47.5
4280.00
4640.00
4650.00
4590.00
5140.00
4940.00
4760.00
5220.00
5340.00
4750.00
4730.00
4820.00
5050.00
4830.00
4620.00
5530.00
4240.00
4680.00
5470.00
5520.00
4900.00
4820.00
4830.00
4690.00
5030.00
4690.00
5430.00
4970.00
4360.00
4420.00
4650.00
5400.00
5080.00
4800.00
5220.00
4450.00
5310.00
5410.00
4930.00
5320.00
3920.00
5170.00
4720.00
5390.00
5800.00
5180.00
5170.00
5280.00
4830.00
5200.00
5020.00
4050.00
5170.00
4580.00
4660.00
4490.00
5330.00
4530.00
5460.00
4860.00
4680.00
4760.00
4550.00
4540.00
4920.00
4980.00
4860.00
4780.00
5070.00
4750.00
5060.00
4040.00
5450.00
5510.00
4650.00
5450.00
5230.00
5120.00
4590.00
4980.00
4180.00
4460.00
116
4710.00
5360.00
4900.00
4610.00
4560.00
47.5
5400.00
4650.00
4120.00
4920.00
5060.00
5220.00
5310.00
4920.00
4540.00
5580.00
5030.00
4270.00
47.6
5470.00
4650.00
5320.00
5490.00
5460.00
5330.00
4680.00
581
5420.00
4880.00
5610.00
4720.00
5440.00
4870.00
4760.00
4300.00
5420.00
4740.00
5320.00
4100.00
6030.00
5300.00
4110.00
5200.00
5310.00
4670.00
3910.00
4810.00
5480.00
4200.00
1600.00
82.5
36.8
36.0
15.6
18.0
32.2
4610.00
5540.00
3990.00
5050.00
4130.00
4500.00
4780.00
5150.00
3320.00





































































































































































































































































































































































































































































































































































































































































































































































































































































































































































































































































































































































































































































































































































































































































































































































































































































































































































































































































































































































