0
0
0
0
0
0
0
0
0
0
122
94.2
100
125
80.7
58.5
37.7
133
120
135
66.7
104
63.8
47.6
59.3
100
96.1
76.4
44.1
file
0
0
98.0
103
file
0
88.4
94.3
75.2
file
0
0
0
41.2
57.8
120
58.8
74.6
82.6
85.5
116
141
106
85.5
115
71.5
file
0
0
85.8
78.7
123
117
file
0
0
0
file
0
128
56.8
109
69.5
61.4
52.4
54.1
100
44.7
65.4
66.7
66.7
file
0
0
0
0
0
0
137
54.6
73.5
55.5
file
0
118
76.7
63.8
81.3
93.5
57.5
69.9
55.5
133
file
0
0
57.8
43.3
58.2
file
0
file
0
63.3
67.2
69.4
61.7
54.6
file
0
0
0
0
72.6
95.2
68.0
108
109
file
0
0
0
0
0
0
0
0
0
0
0
57.2
90.1
100
58.1
95.2
75.8
52.1
73.5
52.1
80.8
80.7
79.6
81.2
73.6
file
0
0
0
0
0
file
0
0
45.7
46.7
73.0
45.9
file
0
0
0
0
0
0
0
0
0
0
0
0
0
0
0
0
0
0
49.5
file
0
42.4
file
0
87.7
110
93.5
56.4
53.3
file
0
0
0
107
119
71.9
81.9
139
38.3
126
78.1
147
130
125
141
122
151
132
143
139
115
135
131
151
90.0
130
139
107
110
105
125
141
130
135
112
91.7
119
135
124
139
128
118
139
132
132
114
138
135
114
49.7
96.9
43.3
47.4
58.5
43.1
137
137
102
143
125
147
131
139
136
141
153
135
145
149
141
128
141
116
139
102
142
114
127
143
122
133
90.9
124
112
118
114
106
113
139
124
128
112
115
109
114
127
87.7
139
145
119
137
132
119
139
135
116
65.0
51.5
130
98.1
135
141
139
143
147
138
97.1
61.0
128
95.2
142
111
139
135
121
135
126
141
118
137
141
131
133
134
128
128
50.3
58.5
110
47.2
68.5
98.1
102
95.2
123
147
136
139
96.8
127
116
129
60.9
147
111
99.0
56.2
123
122
130
124
114
99.2
122
127
133
101
82.7
116
61.0
45.9
98.0
file
0
0
0
43.7
43.9
56.4
103
79.3
78.1
48.6
file
0
0
0
0
0
0
76.9
49.3
88.1
104
110
68.5
81.4
67.6
87.0
89.3
97.2
file
0
0
88.5
125
132
135
115
125
111
125
141
73.0
62.1
92.3
88.5
94.3
75.8
76.9
129
127
114
132
130
128
82.7
84.1
108
142
137
137
84.1
58.5
96.2
82.7
55.9
104
47.2
79.4
74.7
90.1
97.0
43.5
41.0
68.0
file
0
0
0
0
0
0
0
0
69.9
69.9
139
110
71.4
72.0
71.2
69.3
49.5
86.3
102
129
134
98.8
103
98.1
114
121
133
126
121
39.4
69.9
113
91.0
103
91.7
82.5
87.6
73.0
83.4
45.5
48.8
file
0
0
45.2
112
104
56.5
66.2
81.3
127
131
133
115
119
104
127
141
142
118
118
94.6
133
125
125
124
130
121
132
140
114
139
132
135
135
127
123
123
71.6
97.1
124
101
127
127
99.1
102
74.1
106
147
116
119
106
147
88.0
156
77.8
115
97.1
138
115
44.9
48.6
90.1
46.1
88.5
file
0
47.6
78.2
132
95.4
73.6
82.0
96.2
91.0
106
62.8
125
77.0
118
70.0
41.5
37.9
54.7
85.4
56.8
137
100
54.7
92.7
118
file
0
56.5
file
0
52.1
39.8
file
0
file
0
0
61.4
file
0
file
0
0
0
0
0
0
0
0
0
0
0
0
0
0
0
0
0
0
103
file
0
0
0
0
74.7
110
66.3
80.7
141
100
133
124
156
file
0
0
0
0
0
0
0
0
0
file
0
0
0
0
116
147
65.8
58.2
102
65.0
154
152
53.2
47.2
60.2
file
0
0
0
0
0
0
0
97.0
87.0
47.6
48.6
59.2
81.3
48.6
103
102
49.0
62.1
file
0
0
0
121
47.4
145
106
116
file
0
0
0
0
0
0
0
86.1
77.6
132
84.7
74.4
41.3
file
0
0
0
0
0
0
0
0
0
51.6
41.5
40.7
file
0
0
0
0
0
58.2
17.2
file
0
58.6
52.4
62.1
40.7
45.7
123
135
133
file
0
0
0
0
0
0
0
0
91.0
71.5
47.4
file
0
63.3
43.1
file
0
0
0
118
49.7
file
0
0
0
0
0
0
0
file
0
file
0
100
39.5
99.0
106
73.0
file
0
0
0
0
55.0
79.4
54.6
36.8
54.9
41.5
69.9
64.1
65.4
38.5
file
0
0
0
0
0
0
0
0
0
0
0
0
0
0
0
0
0
87.8
66.2
file
0
0
0
file
0
0
57.4
0
0
0
0
0
0
0
0
0
0
0
0
0
0
0
0
0
0
0
0
0
0
0
0
0
0
0
0
0
0
0
0
0
0
0
0
0
0
0
0
0
0
0
0
0
0
0
0
0
0
0
0
0
0
0
0
0
0
0
0
0
0
0
0
0
0
0
0
0
0
0
0
0
0
0
0
0
0
0
0
0
0
0
0
0
0
0
0
0
0
0
0
60.9
file
0
0
0
0
0
0
0
0
0
0
0
0
0
0
0
0
0
0
0
0
0
0
0
0
0
0
0
0
0
0
0
0
0
0
0
0
0
0
0
0
0
0
0
0
0
0
3.49
file
0
0
0
3.68
0
0
4.93
file
0
0
43.7
47.9
file
0
0
0
0
0
0
0
0
0
0
0
0
0
0
0
0
0
0
0
0
0
0
0
0
0
0
0
0
0
0
0
0
0
0
0
0
0
0
0
0
0
0
0
0
0
0
0
0
0
0
0
0
0
0
0
0
0
0
0
0
0
0
0
0
0
0
0
0
102
84.7
120
114
82.6
122
102
111
104
73.1
120
112
124
102
126
106
50.0
80.6
74.7
75.1
111
116
141
100
69.5
125
114
109
109
89.2
89.3
105
112
102
103
116
91.0
118
109
104
99.1
84.1
file
0
125
127
126
127
127
119
111
114
73.0
88.6
137
116
108
92.6
118
107
119
94.4
115
117
128
109
108
112
63.7
76.4
115
131
95.0
118
122
107
125
84.7
116
127
84.1
106
96.1
110
105
115
98.0
118
101
122
119
111
73.0
file
0
0
90.1
105
110
111
84.1
115
64.6
109
75.8
109
109
132
110
118
97.1
96.2
112
68.5
110
102
80.6
file
0
112
97.2
99.1
115
130
135
131
110
95.2
113
89.2
41.5
file
0
74.6
123
74.7
99.2
81.2
61.0
57.2
file
0
0
66.2
95.3
115
119
119
66.1
108
90.1
125
81.9
102
90.9
82.7
120
108
86.2
81.3
49.1
67.5
108
79.4
116
109
73.3
93.4
108
88.3
88.5
77.7
111
133
132
109
117
102
95.3
133
95.3
125
90.9
107
120
127
127
118
108
109
49.3
68.0
135
104
81.9
65.8
101
114
141
118
81.3
91.8
109
119
122
86.2
115
105
156
114
118
118
87.0
74.7
94.5
114
147
132
132
93.5
68.0
86.3
125
104
116
127
98.1
112
100
74.1
file
0
82.0
88.6
106
115
134
132
100
114
128
104
86.2
99.6
119
115
122
103
112
82.4
70.0
90.1
56.5
106
96.2
111
97.1
133
130
130
139
121
135
161
119
129
139
130
83.4
104
154
128
99.9
145
152
139
156
159
121
135
75.8
159
110
112
141
64.5
119
145
101
156
157
99.1
135
107
139
139
145
125
132
157
114
122
81.4
154
155
53.2
137
140
110
140
147
162
130
130
152
116
118
145
100
137
141
154
128
144
159
159
123
108
98.1
145
126
78.2
134
139
164
151
116
127
154
147
128
132
114
51.8
57.2
125
100
122
40.2
file
0
0
0
0
130
147
71.0
141
122
48.1
23.6
0
0
135
57.8
file
0
0
0
57.2
122
141
40.5
132
63.7
99.5
70.9
116
100
103
133
128
137
111
91.8
41.5
42.9
95.2
118
115
130
67.5
121
100
96.1
102
115
143
112
127
119
70.3
113
120
112
125
81.3
102
156
122
149
141
107
100
112
72.0
116
130
93.0
38.3
file
0
0
0
0
0
127
122
116
147
119
68.5
105
94.4
59.5
100
58.9
48.8
58.2
111
86.3
119
95.3
119
135
125
122
97.2
116
42.0
99.0
139
125
147
134
135
125
143
137
143
107
82.0
143
157
86.2
143
129
137
125
118
63.7
103
109
114
139
112
81.4
72.5
128
139
89.3
104
47.6
112
98.0
81.3
130
122
91.8
130
135
141
124
68.5
137
133
125
147
68.5
66.2
128
40.7
84.1
82.0
136
133
119
131
111
49.0
84.2
89.3
130
123
147
71.4
82.7
73.6
65.4
105
85.4
73.0
99.0
87.8
78.8
68.5
116
39.1
69.0
113
102
101
98.2
111
127
59.2
90.1
54.2
file
0
125
114
72.4
file
0
0
0
0
0
89.5
102
87.8
89.7
87.0
file
0
0
0
82.7
file
0
66.7
93.2
59.9
54.1
46.1
95.4
38.3
file
0
0
0
0
0
0
0
0
54.9
70.0
87.0
69.0
56.2
85.5
118
141
99.5
116
63.4
106
90.2
105
105
119
112
145
74.7
132
147
139
133
116
128
127
63.7
70.0
139
51.8
104
62.9
130
44.6
file
0
133
121
87.0
70.9
40.8
file
0
103
75.3
68.5
file
0
95.0
62.0
71.5
38.0
44.4
54.4
98.1
41.5
45.7
file
0
0
0
0
74.1
file
0
38.4
file
0
0
0
0
49.8
58.5
67.2
51.8
135
154
96.2
141
96.7
87.8
137
136
125
136
127
109
93.5
147
126
145
100
66.7
130
130
102
141
105
116
67.6
132
58.9
57.3
file
0
0
105
144
83.4
99.2
127
127
159
161
125
64.7
89.3
file
0
49.3
41.0
52.1
file
0
0
105
132
96.2
49.8
77.5
47.2
37.3
73.0
128
116
96.2
73.0
130
120
51.3
43.9
62.9
40.8
115
60.3
75.7
132
111
102
38.2
file
0
0
0
0
0
0
37.3
114
88.6
117
108
66.3
file
0
75.6
103
65.4
82.0
119
112
122
file
0
113
121
124
55.6
74.7
57.2
105
37.6
69.1
115
86.1
106
112
101
119
122
64.2
61.8
76.7
98.2
116
124
115
123
111
145
122
88.1
117
127
87.2
109
122
102
125
106
43.1
76.4
file
0
60.6
67.6
94.4
42.6
122
67.2
119
113
119
122
132
139
127
124
file
0
72.0
107
103
58.2
106
51.8
104
file
0
109
69.7
65.3
60.3
57.5
131
156
159
130
110
101
123
115
132
121
109
131
133
134
124
113
121
81.5
103
60.7
105
95.1
85.6
58.2
102
65.8
102
88.6
104
126
141
143
110
135
63.3
98.1
101
110
65.4
130
100
66.7
127
80.0
139
96.2
93.5
119
115
91.7
73.0
81.4
42.2
89.2
84.0
42.9
42.0
101
102
80.0
80.0
59.9
80.8
93.5
62.5
101
91.0
122
60.3
114
39.2
79.8
50.7
74.1
45.1
119
86.3
75.7
87.0
79.5
143
127
102
70.0
63.7
70.4
119
83.2
68.1
69.9
82.0
124
129
121
156
127
118
104
125
147
161
169
161
116
142
118
119
76.2
134
147
135
137
157
134
154
135
164
154
156
132
143
139
145
164
167
149
164
168
159
159
162
164
166
154
159
143
143
174
173
170
154
151
164
151
167
124
119
152
147
152
159
156
151
152
128
104
149
93.5
124
147
137
149
141
164
119
147
162
124
98.1
158
167
156
118
108
151
136
159
147
139
143
164
159
97.6
118
126
72.2
48.5
80.7
123
116
104
101
157
144
161
123
51.0
145
114
121
145
147
149
106
91.8
111
139
137
145
130
127
74.6
139
130
143
137
105
130
145
142
133
139
130
59.6
55.3
106
124
139
133
132
69.5
121
141
102
100
105
119
102
124
122
54.4
55.1
49.2
53.3
109
69.9
79.4
75.2
file
0
0
86.8
86.9
83.4
135
111
83.3
106
104
105
114
142
43.2
99.1
94.4
147
139
123
103
145
81.3
122
94.4
73.5
134
122
138
112
114
94.4
121
92.6
130
99.1
91.8
110
111
132
135
143
130
138
127
110
128
137
91.8
86.3
137
149
141
145
119
143
143
134
89.4
132
65.0
111
102
112
116
55.2
86.2
156
147
157
149
138
149
145
135
94.5
115
122
119
115
110
119
141
125
127
157
126
159
150
137
56.6
88.4
111
123
76.3
80.8
96.2
54.7
110
130
101
88.6
103
110
100
67.8
53.2
50.5
122
141
105
137
93.5
110
92.7
file
0
0
86.3
70.0
104
149
92.6
52.1
111
125
125
125
135
127
147
161
127
133
154
111
57.5
117
69.5
110
111
143
119
130
84.0
94.3
82.7
115
149
104
102
81.1
96.2
121
55.6
89.3
112
156
154
161
149
98.1
106
82.7
99.0
125
99.0
122
106
130
38.9
101
68.5
65.4
106
43.3
84.8
133
85.5
125
46.1
file
0
88.5
100
105
122
121
87.0
60.6
file
0
0
80.0
65.4
85.5
89.6
95.2
82.0
124
144
147
161
108
39.8
82.0
39.8
file
0
0
0
0
0
0
0
0
108
101
102
100
68.5
87.8
137
50.8
84.1
143
141
127
80.7
95.3
112
97.1
116
147
151
52.7
121
86.3
132
133
89.4
116
147
175
145
159
132
143
141
125
147
139
100
145
112
139
137
130
139
133
123
122
130
133
135
139
91.8
139
122
121
78.1
104
135
143
141
133
143
127
141
98.1
137
115
82.0
135
147
152
135
133
145
123
56.8
143
134
137
119
87.7
126
135
87.8
147
128
119
143
152
74.6
128
127
91.7
119
41.8
124
109
141
116
89.3
124
112
66.7
142
119
115
85.5
62.9
84.8
115
112
77.5
60.2
116
104
133
143
116
100
114
88.1
41.4
121
156
152
152
167
161
163
178
158
161
169
163
172
143
101
137
91.8
135
116
115
98.3
121
61.0
49.3
61.7
file
0
0
57.1
70.2
41.3
81.4
file
0
0
70.4
file
0
file
0
63.7
42.4
82.9
46.7
52.6
66.2
61.7
45.3
61.7
53.3
45.9
file
0
0
39.8
65.8
73.0
file
0
file
0
0
0
0
0
0
0
0
47.8
67.1
86.9
88.5
0
0
100
58.8
95.2
file
0
file
0
58.8
file
0
0
0
0
0
0
0
0
0
0
0
0
0
0
0
0
0
0
0
file
0
0
0
0
0
0
0
0
0
0
0
0
0
0
0
0
0
0
0
0
0
0
0
0
0
0
0
0
0
0
0
0
0
0
0
0
0
0
0
0
0
0
0
0
0
0
0
0
0
0
0
0
0
0
0
0
0
0
0
0
0
0
0
0
0
0
0
0
0
0
0
0
0
0
0
0
0
0
0
0
0
0
0
0
0
0
0
0
0
0
0
0
0
0
0
0
0
0
0
0
0
0
0
0
0
0
0
0
0
0
0
0
0
41.7
file
0
0
0
0
0
0
0
0
0
0
0
0
0
0
0
0
0
0
0
0
0
0
0
0
0
0
0
0
0
0
0
0
0
0
0
0
0
0
0
0
0
0
0
0
0
0
0
0
0
0
0
0
0
0
0
0
0
0
0
0
0
0
0
0
0
0
0
0
0
0
0
0
0
0
0
0
0
0
0
0
0
0
0
0
0
0
0
0
0
0
0
0
0
0
0
0
0
0
0
0
0
0
0
0
0
0
0
0
0
0
0
0
0
0
0
0
0
0
0
0
0
0
0
0
0
0
0
0
0
0
0
0
0
0
0
0
0
0
0
0
0
0
0
0
0
0
0
0
0
0
0
0
0
0
0
0
0
0
0
0
0
0
0
0
0
0
0
0
0
0
0
0
0
0
0
0
0
0
0
0
0
0
0
0
0
0
0
0
0
0
0
0
0
0
0
0
0
0
0
0
0
0
0
0
0
0
0
0
0
0
0
0
0
0
0
0
0
0
0
0
0
0
0
0
0
0
0
0
0
0
0
0
0
0
0
0
0
0
0
0
0
0
0
0
0
0
0
0
0
0
0
0
0
0
0
0
0
0
0
0
0
0
0
0
0
0
0
0
0
0
0
0
0
0
0
0
0
0
0
0
0
0
0
0
0
0
0
0
0
0
0
0
0
0
0
0
0
0
0
0
0
0
0
0
0
0
0
0
0
0
0
0
0
0
0
0
0
0
0
0
0
0
0
0
0
0
0
0
0
0
0
0
0
0
0
0
0
0
0
0
0
0
0
0
0
0
0
0
0
0
0
0
0
0
0
0
0
0
0
0
0
0
0
0
0
0
0
0
0
0
0
0
0
0
0
0
0
0
0
0
0
0
0
0
0
0
0
0
0
0
0
0
0
0
0
0
0
0
0
0
0
0
0
0
0
0
0
0
0
0
0
0
0
0
0
0
0
0
0
0
0
0
0
0
0
0
0
0
0
0
0
0
0
0
0
0
0
0
0
0
0
0
0
0
0
0
0
0
0
0
0
0
0
0
0
0
0
0
0
0
0
0
0
0
0
0
0
0
0
0
0
0
0
0
0
0
0
0
0
0
0
0
0
0
0
0
0
0
0
0
0
0
0
0
0
0
0
0
0
0
0
0
0
0
0
0
0
0
0
0
0
0
0
0
0
0
0
0
0
0
0
0
0
0
0
0
0
0
0
0
0
0
0
0
0
0
0
0
0
0
0
0
0
0
0
0
0
0
0
0
0
0
0
0
0
0
0
0
0
0
0
0
0
0
0
0
0
0
0
0
0
0
0
0
0
0
0
0
0
0
0
0
0
0
0
0
0
0
0
0
0
0
0
0
0
0
0
0
0
0
0
0
0
0
0
0
0
0
0
0
0
0
0
0
0
0
0
0
0
0
0
0
0
0
0
0
0
0
0
0
0
0
0
0
0
0
0
0
0
0
0
0
0
0
0
0
0
0
0
0
0
0
0
0
0
0
0
0
0
0
0
0
0
0
0
0
0
0
0
0
0
0
0
0
0
0
0
0
0
0
0
0
0
0
0
0
0
0
0
0
0
0
0
0
0
0
0
0
0
0
0
0
0
0
0
0
0
0
0
0
0
0
0
0
0
0
0
0
0
0
0
0
0
0
0
0
0
0
0
0
0
0
0
0
0
0
0
0
0
0
0
0
0
0
0
0
0
0
0
0
0
0
0
0
0
0
0
0
0
0
0
0
0
0
0
0
0
0
0
0
0
0
0
0
0
0
0
0
0
0
0
0
0
0
0
0
0
0
0
0
0
0
0
0
0
0
0
0
0
0
0
0
0
0
0
0
0
0
0
0
0
0
0
0
0
0
0
0
0
0
0
0
0
0
0
0
0
0
0
0
0
0
0
0
0
0
0
0
0
0
0
0
0
0
0
0
0
0
0
0
0
0
0
0
0
0
0
0
0
0
0
0
0
0
0
0
0
0
0
0
0
0
0
0
0
0
0
0
0
0
0
0
0
0
0
0
0
0
0
0
0
0
0
0
0
0
0
0
0
0
0
0
0
0
0
0
0
0
0
0
0
0
0
0
0
0
0
0
0
0
0
0
0
0
0
0
0
0
0
0
0
0
0
0
0
0
0
0
0
0
0
0
0
0
0
0
0
0
0
0
0
0
0
0
0
0
0
0
0
0
0
0
0
0
0
0
0
0
0
0
0
0
0
0
0
0
0
0
0
0
0
0
0
0
0
0
0
0
0
0
0
0
0
0
0
0
0
0
0
0
0
0
0
0
0
0
0
0
0
0
0
0
0
0
0
0
0
0
0
0
0
0
0
0
0
0
0
0
0
0
0
0
0
0
0
0
0
0
0
0
0
0
0
0
0
0
0
0
0
0
0
0
0
0
0
0
0
0
0
0
0
0
0
0
0
0
0
0
0
0
0
0
0
0
0
0
0
0
0
0
0
0
0
0
0
0
0
0
0
0
0
0
0
0
0
0
0
0
0
0
0
0
0
0
0
0
0
0
0
0
0
0
0
0
0
0
0
0
0
0
0
0
0
0
0
0
0
0
0
0
0
0
0
0
0
0
0
0
0
0
0
0
0
0
0
0
0
0
0
0
0
0
0
0
0
0
0
0
0
0
0
0
0
0
0
0
0
0
0
0
0
0
0
0
0
0
0
0
0
0
0
0
0
0
0
0
0
0
0
0
0
0
0
0
0
0
0
0
0
0
0
0
0
0
0
0
0
0
0
0
0
0
0
0
0
0
0
0
0
0
0
0
0
0
0
0
0
0
0
0
0
0
0
0
0
0
0
0
0
0
0
0
0
0
0
0
0
0
0
0
0
0
0
0
0
0
0
0
0
0
0
0
0
0
0
0
0
0
0
0
0
0
0
0
0
0
0
0
0
0
0
0
0
0
0
0
0
0
0
0
0
0
0
0
0
0
0
0
0
0
0
0
0
0
0
0
0
0
0
0
0
0
0
0
0
0
0
0
0
0
0
0
0
0
0
0
0
0
0
0
0
0
0
0
0
0
0
0
0
0
0
0
0
0
0
0
0
0
0
0
0
0
0
0
0
0
0
0
0
0
0
0
0
0
0
0
0
0
0
0
0
0
0
0
0
0
0
0
0
0
0
0
0
0
0
0
0
0
0
0
0
0
0
0
0
0
0
0
0
0
0
0
0
0
0
0
0
0
0
0
0
0
0
0
0
0
0
0
0
0
0
0
0
0
0
0
0
0
0
0
0
0
0
0
0
0
0
0
0
0
0
0
0
0
0
0
0
0
0
0
0
0
0
0
0
0
0
0
0
0
0
0
0
0
0
0
0
0
0
0
0
0
0
0
0
0
0
0
0
0
0
0
0
0
0
0
0
0
0
0
0
0
0
0
0
0
0
0
0
0
0
0
0
0
0
0
0
0
0
0
0
0
0
0
0
0
0
0
0
0
0
0
0
0
0
0
0
0
0
0
0
0
0
0
0
0
0
0
0
0
0
0
0
0
0
0
0
0
0
0
0
0
0
0
0
0
0
0
0
0
0
0
0
0
0
0
0
0
0
0
0
0
0
0
0
0
0
0
0
0
0
0
0
0
0
0
0
0
0
0
0
0
0
0
0
0
0
0
0
0
0
0
0
0
0
0
0
0
0
0
0
0
0
0
0
0
0
0
0
0
0
0
0
0
0
0
0
0
0
0
0
0
0
0
0
0
0
0
0
0
0
0
0
0
0
0
0
0
0
0
0
0
0
0
0
0
0
0
0
0
0
0
0
0
0
0
0
0
0
0
0
0
0
0
0
0
0
0
0
0
0
0
0
0
0
0
0
0
0
0
0
0
0
0
0
0
0
0
0
0
0
0
0
0
0
0
0
0
0
0
0
0
0
0
0
0
0
0
0
0
0
0
0
0
0
0
0
0
0
0
0
0
0
0
0
0
0
0
0
0
0
0
0
0
0
0
0
0
0
0
0
0
0
0
0
0
0
0
0
0
0
0
0
0
0
0
0
0
0
0
0
0
0
0
0
0
0
0
0
0
0
0
0
0
0
0
0
0
0
0
0
0
0
0
0
0
0
0
0
0
0
0
0
0
0
0
0
0
0
0
0
0
0
0
0
0
0
0
0
0
0
0
0
0
0
0
0
0
0
0
0
0
0
0
0
0
0
0
0
0
0
0
0
0
0
0
0
0
0
0
0
0
0
0
0
0
0
0
0
0
0
0
0
0
0
0
0
0
0
0
0
0
0
0
0
0
0
0
0
0
0
0
0
0
0
0
0
0
0
0
0
0
0
0
0
0
0
0
0
0
0
0
0
0
0
0
0
0
0
0
0
0
0
0
0
0
0
0
0
0
0
0
0
0
0
0
0
0
0
0
0
0
0
0
0
0
0
0
0
0
0
0
0
0
0
0
0
0
0
0
0
0
0
0
0
0
0
0
0
0
0
0
0
0
0
0
0
0
0
0
0
0
0
0
0
0
0
0
0
0
0
0
0
0
0
0
0
0
0
0
0
0
0
0
0
0
0
0
0
0
0
0
0
0
0
0
0
0
0
0
0
0
0
0
0
0
0
123
110
102
109
141
156
125
147
135
126
75.3
50.0
55.6
66.3
57.2
59.5
65.4
64.6
44.3
57.8
48.1
62.5
62.5
67.6
66.3
62.5
64.5
64.1
64.9
66.3
65.3
69.4
63.9
61.4
59.2
50.8
58.1
60.3
63.7
64.9
65.0
59.2
63.7
66.2
60.8
63.7
65.8
65.8
562
3.64
0
4.22
137
0
0
83.4
143
166
170
95.3
167
137
55.6
115
93.5
99.1
154
156
141
65.0
62.9
57.8
65.4
63.3
65.0
64.6
64.5
65.2
70.4
65.0
59.9
64.5
76.9
73.1
69.0
65.8
69.5
70.9
77.1
70.4
67.6
62.9
59.9
65.8
72.5
70.4
71.2
167
120
137
137
112
112
102
149
64.9
80.7
43.1
74.0
124
57.8
47.2
file
0
0
55.6
82.7
58.5
37.3
45.2
file
0
0
141
128
58.5
47.5
file
0
0
0
0
0
0
0
file
0
0
53.8
43.3
0
file
0
101
77.6
84.8
file
0
0
0
0
0
0
0
0
0
0
0
0
0
0
0
0
0
0
0
0
0
0
0
0
0
0
0
0
0
0
0
0
0
0
0
0
0
0
0
0
0
0
0
0
0
0
0
0
90.2
74.7
93.8
74.7
50.0
49.5
64.1
47.0
57.1
47.8
51.3
48.8
50.5
56.5
52.4
38.5
45.1
file
0
0
60.6
file
0
file
0
67.5
65.3
54.7
62.9
52.7
file
0
62.9
69.1
64.5
57.8
59.2
61.4
56.2
62.5
53.2
53.2
60.6
55.2
59.9
58.2
56.3
58.5
58.8
69.5
61.4
64.2
61.8
62.1
63.7
59.0
65.3
53.3
63.3
57.2
41.7
50.1
52.1
55.0
file
0
0
0
0
37.5
file
0
0
0
0
0
0
0
0
0
0
0
0
0
0
0
75.8
file
0
0
0
0
0
0
0
0
0
0
0
0
0
0
0
0
0
0
file
0
file
0
0
file
0
0
119
file
0
0
0
0
0
file
0
0
file
0
0
0
0
0
0
0
0
0
0
0
0
0
0
0
0
0
0
0
0
0
0
0
0
0
0
0
0
0
0
0
0
0
0
0
0
0
0
0
0
0
0
0
0
0
159
114
128
179
118
164
128
159
133
119
159
161
147
161
164
167
92.0
93.5
89.2
63.3
75.2
91.8
88.6
94.3
78.2
78.2
74.1
80.7
71.0
78.8
61.4
70.9
50.8
69.6
74.0
63.7
59.9
42.6
file
0
0
0
0
0
0
0
0
0
0
0
0
0
0
0
0
0
0
file
0
44.8
45.7
file
0
0
0
0
0
0
0
0
0
0
0
0
0
0
0
0
0
0
0
0
0
0
0
0
0
0
0
0
0
44.7
66.1
73.0
87.0
42.9
file
0
0
0
0
0
104
file
0
file
0
0
0
0
63.3
64.1
37.6
88.5
file
0
0
0
0
0
0
0
0
0
0
0
0
0
0
0
0
0
file
0
0
0
0
0
0
0
0
0
0
0
0
0
0
0
file
0
0
0
0
0
0
0
0
0
0
0
63.3
file
0
0
0
0
0
0
0
0
0
0
0
0
0
0
0
0
0
0
0
0
0
80.1
41.9
file
0
109
51.3
100
file
0
0
82.0
139
file
0
65.4
file
0
file
0
0
0
49.8
85.8
40.8
105
file
0
0
0
0
0
0
0
0
0
0
0
0
0
44.9
file
0
0
76.3
121
151
file
0
0
file
0
0
0
0
0
0
65.0
75.2
40.0
84.7
file
0
file
0
74.8
file
0
97.0
96.4
58.8
108
file
0
file
0
44.5
41.0
75.2
72.0
80.0
37.6
file
0
0
0
0
0
0
0
0
0
0
0
0
0
0
72.5
115
124
112
78.2
file
0
0
0
0
0
0
0
0
0
0
0
0
0
0
99.0
43.1
54.4
file
0
file
0
0
0
0
0
0
0
0
0
95.3
99.0
69.0
82.4
62.5
97.9
52.6
73.3
63.6
49.3
file
0
0
0
133
143
159
159
162
161
164
158
89.3
119
121
98.0
109
145
150
56.8
111
126
143
98.7
151
164
133
136
141
122
91.8
119
133
file
file
file
file
46.3 23.0
file
42.9
file
49.5
37.7
83.4
file
98.1
48.6
83.3
50.3
128
133
115
119
file
50.0
52.6
52.4
75.2
41.2
64.1
38.0
76.4
87.1
76.3
file
file
file
file
file
103
118
file
file
file
file
74.6
108
44.5
45.4
78.8
122
144
119
42.4
file
file
file
file
file
99.1
49.9
73.0
69.7
59.6
75.3
103
74.7
152
141
53.4
60.3
54.4
44.1
129
108
136
55.0
67.6
70.5
48.3
119
110
80.0
71.0
40.4
92.6
122
71.0
84.8
100
46.5
file
file
file
file
21.0 13.5
77.5 13.5
86.3 13.5
85.6
63.3
file
62.5
89.4
106
50.0
47.4
79.4
76.3
0
0
0
155
208
392
126
file
file
34.2
70.1
134
654
486
640
217
129
288
805
1.22
418
903
343
290
file
file
file
file
132
154
140
124
87.0
84.1
105
104
110
841
<<<<<<< HEAD
42.0
59.2
46.5
72.2
62.9
70.0
56.8
67.2
32.3
18.3
56.2
60.6
22.3
61.7
60.6
25.5
63.3
58.2
33.8
71.9
62.9
70.0
49.0
58.0
54.4
63.2
53.5
56.8
69.7
71.4
67.1
35.6
75.8
66.7
141
172
135
143
82.9
173
104
102
76.9
89.3
73.0
80.7
18.0
55.9
17.8
31.5
56.2
60.3
19.1
16.3
71.7
55.9
34.4
78.8
39.1
75.2
59.0
20.6
88.7
38.5
43.9
22.9
59.9
36.4
58.5
54.2
71.2
34.0
62.3
53.4
13.8
38.8
43.9
19.5
43.6
48.8
51.0
59.5
28.5
60.3
34.0
42.9
20.2
19.8
53.5
13.4
57.8
27.3
63.2
19.6
26.9
12.2
21.6
36.0
file
0
0
0
0
49.5
42.6
0
file
0
0
0
0
0
file
0
19.3
47.0
44.3
11.7
21.7
18.6
40.0
0
0
0
0
0
0
0
0
0
0
15.1
file
0
0
0
0
0
0
0
0
0
0
0
0
0
17.6
0
0
17.7
13.9
16.9
0
0
0
8.94
12.8
36.9
file
0
0
0
0
12.4
20.5
0
0
6.43
31.7
15.7
7.15
19.3
18.7
6.38
0
0
12.6
0
47.0
43.7
0
0
0
0
26.4
99.2
24.1
70.0
124
30.2
35.8
9.21
0
32.3
46.0
28.6
36.3
0
0
8.87
0
9.34
9.65
72.5
0
file
0
0
23.9
0
0
0
14.3
25.2
15.6
18.5
14.1
0
file
0
14.9
13.0
17.1
8.77
24.6
0
25.1
6.98
8.54
file
0
0
23.3
6.71
39.4
0
11.0
0
20.9
87.8
14.1
0
3.25
64.0
4.14
4.30
5.27
3.85
3.08
3.58
4.02
3.93
4.54
4.71
4.37
4.59
3.12
4.32
3.66
4.90
4.24
3.60
574
4.51
5.42
4.02
4.10
3.77
4.26
3.81
4.16
3.71
3.72
3.55
4.48
4.35
4.15
4.78
47.5
3.84
4.49
3.65
4.42
3.81
3.89
3.18
64.0
3.46
4.54
3.80
4.47
3.55
4.68
4.08
4.58
4.97
3.24
3.06
3.80
191
3.47
3.35
4.19
2.73
4.33
3.24
3.65
3.52
192
5.08
4.10
3.84
47.5
3.37
3.65
3.40
4.56
4.28
5.08
4.54
3.76
3.80
3.96
3.37
3.94
4.70
4.99
5.18
4.61
3.12
407
3.45
1.81
0
4.50
3.21
3.73
4.38
4.63
2.71
4.15
4.03
4.39
3.79
4.13
3.62
4.27
2.24
3.06
3.86
3.39
3.21
567
3.71
3.10
3.33
4.68
4.20
2.65
3.54
3.40
3.64
3.55
3.93
4.75
4.61
515
3.64
4.85
3.75
3.68
3.53
2.49
3.26
3.30
4.24
3.50
3.92
2.86
4.03
3.97
3.80
4.06
4.03
3.77
3.65
3.97
4.28
4.32
2.71
3.78
3.57
4.99
3.93
4.11
3.43
4.63
4.17
1.89
3.87
575
5.08
4.34
4.49
3.87
3.69
3.13
2.52
2.44
3.68
4.25
4.68
7.49
6.64
0
file
0
0
0
file
39.9
11.5
30.3
16.4
15.1
15.5
19.5
14.8
19.2
37.6
37.2
27.8
41.0
13.0
14.1
26.2
15.7
60.7
0
13.1
48.3
8.39
30.4
50.8
41.2
42.2
67.5
16.0
35.6
48.3
32.5
51.0
105
14.1
75.2
file
0
22.7
29.7
43.1
0
10.7
27.3
59.5
80.6
109
65.8
27.0
89.4
65.0
19.6
37.3
27.8
17.0
45.3
42.7
22.3
18.8
38.9
49.0
91.0
104
48.1
64.9
17.1
37.0
30.8
58.2
29.4
18.9
31.0
29.6
77.6
75.8
137
51.3
74.1
22.7
132
135
26.4
12.0
22.3
9.68
33.3
34.3
122
31.3
31.9
37.2
0
72.5
10.5
10.1
71.5
47.2
49.7
86.2
126
56.2
161
18.6
6.33
47.9
93.5
182
59.2
156
0
107
0
0
0
0
0
0
0
0
0
0
0
0
0
0
0
42.1
114
119
133
86.3
119
76.4
157
72.4
0
17.5
0
189
182
0
0
0
0
0
0
0
0
0
0
0
0
0
0
105
135
114
88.6
189
55.8
82.6
43.7
75.2
112
87.0
51.6
92.7
64.5
139
90.9
108
105
49.5
64.1
87.0
96.2
50.5
50.0
34.0
91.8
64.1
122
110
57.7
69.9
58.9
51.6
30.2
20.4
115
36.0
32.8
0
170
178
149
90.1
56.1
34.6
92.6
65.0
58.9
81.0
86.2
75.8
79.3
84.0
74.6
63.3
55.9
45.1
61.5
15.1
0
0
0
0
0
0
41.2
41.3
0
0
0
0
167
145
120
164
145
0
0
0
15.3
24.7
12.1
43.5
31.9
69.0
36.0
19.6
62.5
115
80.1
137
71.0
107
103
96.2
118
47.4
74.7
77.0
72.1
80.7
41.5
68.6
54.6
39.2
49.7
48.8
45.8
45.0
42.6
42.1
49.3
49.2
51.0
76.9
82.0
47.0
59.4
68.6
102
130
141
65.0
85.3
81.4
87.8
32.8
24.0
20.9
48.3
63.4
23.3
62.5
38.2
20.7
35.3
35.0
32.8
82.7
78.2
61.8
69.7
55.3
63.6
50.8
47.9
228
69.0
113
101
82.4
100
44.2
101
80.0
58.5
116
114
139
83.3
63.1
127
58.5
115
151
79.4
121
115
90.2
119
59.2
39.7
87.7
128
81.9
139
130
66.8
84.7
42.7
22.2
34.7
31.6
75.8
58.5
55.0
61.8
52.1
55.9
40.3
59.9
36.1
46.1
27.9
22.5
55.6
39.7
49.8
46.7
0
8.31
13.6
26.3
15.1
13.0
20.3
0
11.2
13.1
10.6
37.0
12.8
68.0
13.7
32.6
8.35
0
0
30.8
45.5
64.8
23.9
46.9
76.4
40.8
84.6
26.6
82.4
42.4
80.0
43.5
58.1
30.5
66.2
85.5
111
109
112
11.3
27.0
73.0
10.8
31.2
0
67.2
20.8
29.8
34.6
139
0
0
0
0
0
0
0
0
0
0
0
0
0
0
0
0
0
0
0
0
0
0
0
0
0
0
0
0
0
0
0
0
=======
133
157
154
139
125
128
143
150
141
145
149
148
169
151
164
146
164
108
133
172
164
147
105
106
74.2
92.7
102
100
98.1
82.0
109
94.5
103
97.2
99.9
93.4
94.4
87.8
91.7
88.6
91.8
102
95.3
91.8
90.2
77.0
76.3
77.0
74.7
78.1
76.3
73.0
74.7
75.7
49.0
76.3
71.6
75.2
71.0
74.7
143
159
114
151
102
141
110
128
154
75.8
137
121
145
98.1
141
147
124
141
141
147
122
121
87.8
108
135
134
119
127
99.0
80.6
114
154
151
145
143
162
99.0
147
154
124
159
154
114
105
149
106
151
145
125
128
76.4
108
118
133
123
123
135
139
110
141
122
149
112
139
118
98.1
117
71.5
90.9
111
158
112
69.0
122
99.0
53.8
106
132
141
110
145
114
91.7
60.3
125
62.4
132
139
120
124
119
112
84.0
151
120
137
99.2
103
122
118
81.4
116
130
91.0
65.8
130
88.5
61.0
125
99.0
61.0
78.2
127
89.9
105
101
95.3
82.0
82.7
53.5
103
110
74.1
133
98.1
89.3
130
139
115
137
99.1
127
149
131
153
159
143
138
132
141
152
61.8
65.8
73.6
74.1
64.2
74.7
60.3
73.0
71.5
58.2
68.5
69.5
59.6
65.8
65.8
74.1
61.4
67.1
69.0
74.0
67.6
164
122
127
156
147
137
143
115
155
128
156
135
82.0
112
143
156
105
66.3
87.8
135
137
152
132
111
107
95.3
124
127
135
150
119
156
145
127
96.2
104
137
135
137
123
139
118
122
141
119
96.0
109
145
130
130
154
121
122
120
112
127
103
110
124
133
118
74.1
72.0
139
106
120
147
145
147
93.6
137
159
149
135
172
135
94.4
125
99.1
119
108
130
137
86.2
139
124
118
134
55.6
87.0
143
139
147
149
102
98.1
125
105
114
135
116
143
143
147
132
131
121
138
141
147
141
145
123
98.0
104
90.9
111
83.4
150
115
113
118
119
124
111
91.8
105
133
147
119
122
155
159
130
125
147
147
159
143
143
135
156
119
103
132
122
133
149
128
102
130
143
156
114
118
145
118
147
143
145
122
164
154
141
173
167
111
121
154
114
109
141
109
135
135
159
156
125
164
159
143
167
151
31.5
64.1
61.4
64.1
70.9
73.6
60.6
74.6
74.7
67.1
61.4
70.5
75.7
48.0
78.1
72.0
73.6
119
139
109
145
99.0
76.4
143
172
143
102
91.9
91.8
135
73.0
84.1
69.5
124
56.8
106
135
106
90.2
115
121
126
145
181
143
112
95.3
105
145
130
154
135
81.4
134
115
147
125
135
147
143
121
96.2
141
133
118
102
147
85.6
84.8
78.2
72.0
74.6
80.1
132
108
137
80.7
127
104
119
109
127
111
102
121
76.9
122
132
110
109
137
109
158
115
137
157
156
124
141
147
106
84.8
125
114
135
82.7
122
143
143
141
114
96.2
119
149
121
161
141
139
137
149
154
148
132
152
145
167
48.3
137
130
133
143
167
149
147
136
115
130
116
148
120
133
152
116
106
74.1
130
175
171
87.8
68.5
147
152
105
103
103
127
137
109
133
137
124
152
89.3
82.0
110
112
128
149
130
119
84.8
121
122
116
141
109
149
112
106
124
123
121
103
139
110
100
52.4
141
153
124
154
124
118
118
132
130
135
135
145
139
113
125
145
156
139
147
159
162
143
149
157
141
85.4
128
133
130
84.1
122
33.7
103
125
134
147
100
133
162
159
156
133
140
152
154
145
121
167
141
161
109
128
161
156
143
147
145
149
134
110
159
102
147
143
159
110
122
121
121
154
154
124
116
58.6
118
64.9
144
119
97.2
145
125
124
93.5
105
91.8
111
48.6
64.2
84.9
116
149
167
161
106
145
139
147
151
133
159
130
132
159
152
169
161
179
152
139
154
137
137
145
141
84.8
130
141
130
145
152
106
143
152
145
161
115
53.5
148
127
112
118
147
132
133
118
124
141
101
84.9
110
152
96.2
139
132
127
128
133
80.7
139
112
143
109
132
141
86.3
127
128
145
137
116
147
118
154
137
147
156
94.4
68.7
98.2
77.0
145
116
132
135
141
133
137
106
147
156
137
102
151
137
139
102
159
152
135
116
130
156
161
130
149
154
161
105
119
71.5
129
139
64.1
124
119
102
141
118
66.3
141
139
139
130
106
103
62.1
121
128
135
92.6
128
108
118
60.2
42.7
104
135
154
139
88.6
70.0
78.8
134
145
147
152
87.0
145
52.4
51.0
78.1
132
93.6
147
119
72.0
66.7
94.4
81.4
70.4
79.4
76.3
79.4
75.8
138
161
76.9
102
132
132
152
102
53.9
69.5
125
164
156
104
147
94.4
147
154
57.8
139
133
119
116
135
122
118
63.7
127
124
139
119
145
152
141
126
92.6
141
149
121
72.5
154
156
130
64.6
156
147
178
141
125
107
135
61.0
70.0
156
147
119
105
158
135
101
87.0
125
102
119
92.6
62.9
31.6
100
76.4
90.9
20.0
72.5
52.7
70.0
56.2
145
128
116
141
164
108
100
127
102
76.9
103
125
87.0
105
78.8
100
92.7
70.5
135
87.0
145
131
99.1
109
118
75.8
114
149
130
132
143
105
114
122
135
127
143
143
143
117
142
135
129
133
127
101
130
147
103
110
99.1
116
126
108
99.1
103
115
114
101
65.0
104
116
152
128
116
99.0
118
109
121
111
113
119
77.0
77.6
61.7
139
103
143
87.8
112
52.9
40.5
78.2
82.7
96.2
83.4
65.8
46.1
125
109
106
87.7
123
112
108
121
66.2
47.9
46.1
98.2
71.4
89.7
38.8
64.6
130
130
84.1
125
149
141
43.7
66.0
100
128
159
53.2
62.1
68.1
78.8
74.1
55.3
71.7
70.0
54.4
73.1
69.0
68.6
56.8
65.0
52.1
66.7
73.5
71.9
67.5
72.0
62.5
63.7
65.8
65.4
67.6
71.9
71.7
64.5
68.5
67.6
57.2
73.0
74.7
66.2
73.0
74.1
58.5
71.5
76.4
75.8
65.8
64.1
72.2
74.8
68.0
73.6
79.4
75.7
72.5
71.4
166
84.8
128
80.1
145
139
156
153
58.9
122
145
106
112
55.9
81.3
104
70.0
124
100
80.0
86.2
70.5
80.1
46.7
63.4
59.2
87.8
91.8
66.7
68.1
137
62.9
72.0
95.3
52.7
128
112
102
82.7
77.0
93.5
93.5
114
119
103
114
125
50.8
107
125
145
67.6
42.0
77.0
115
66.3
95.3
127
74.6
143
87.0
137
127
147
111
80.1
127
58.6
50.8
55.3
70.4
76.4
75.3
71.0
72.0
55.5
67.6
73.5
67.6
73.0
71.5
73.2
71.5
73.6
61.0
63.7
41.2
81.4
73.0
71.5
77.6
62.6
73.6
63.3
65.8
57.7
76.3
69.5
74.7
78.8
69.5
77.6
78.2
78.2
73.6
80.1
84.1
76.9
73.0
72.5
78.2
83.4
67.1
82.0
78.8
72.5
78.2
71.5
84.8
62.5
55.3
79.3
72.5
75.2
78.2
82.0
84.8
87.0
70.5
83.5
66.7
80.8
80.7
122
154
147
152
154
141
121
167
161
147
147
146
92.7
101
130
105
149
90.8
100
149
154
90.1
68.5
91.0
139
132
164
88.6
162
137
45.5
145
113
115
147
125
101
147
119
89.4
103
116
133
94.4
139
122
96.3
119
154
118
137
128
124
152
151
132
111
91.8
172
156
138
111
145
76.3
143
135
81.4
167
141
125
161
80.7
128
121
141
116
94.4
101
145
75.2
64.6
139
147
164
112
149
156
112
45.1
133
152
147
147
111
128
149
132
132
143
130
49.0
125
95.3
84.1
128
121
135
156
139
154
104
135
124
139
139
128
143
143
149
137
87.8
130
125
132
149
102
132
69.0
56.8
115
76.3
87.8
154
72.5
111
122
128
122
154
102
116
110
121
152
143
132
150
154
103
131
122
141
118
156
147
141
137
141
145
118
123
132
150
66.7
123
161
96.1
125
152
154
91.8
135
115
124
156
130
102
133
175
141
128
143
119
152
108
127
107
103
105
82.0
86.2
95.3
90.1
151
127
122
175
129
147
118
124
110
63.7
106
125
154
115
102
141
121
82.0
118
154
154
133
111
154
118
149
119
109
128
145
148
156
148
156
142
128
156
139
78.2
75.8
108
149
122
128
145
141
112
132
135
115
80.7
122
156
122
109
145
68.5
57.8
86.3
130
121
141
74.7
135
104
128
130
162
75.2
114
149
98.2
26.7
57.8
55.6
69.4
152
135
79.4
93.5
78.2
83.4
133
137
100
105
102
127
122
124
116
57.5
111
105
98.1
95.3
135
137
109
141
46.7
98.6
91.2
156
152
151
143
100
121
128
119
118
112
130
77.6
137
68.0
20.7
106
125
145
143
128
96.3
133
130
108
99.1
145
91.8
115
118
105
130
102
82.7
98.0
118
125
143
128
139
111
147
147
156
147
130
78.8
139
164
132
96.2
74.1
145
52.1
128
104
84.8
164
130
118
123
141
161
100
115
127
59.2
74.7
81.3
105
71.4
34.3
65.8
80.7
130
145
152
49.3
59.6
67.1
77.6
156
81.4
74.2
86.3
103
119
98.9
145
112
139
114
91.0
98.1
139
133
75.8
99.0
104
132
141
133
103
115
196
161
109
79.9
157
132
72.5
88.6
87.0
127
99.1
105
63.4
116
106
80.0
121
130
90.1
159
82.7
139
111
135
135
137
137
104
137
109
65.8
102
147
143
57.9
149
130
105
147
164
139
96.2
147
152
179
68.5
121
154
97.1
108
110
109
159
55.6
143
118
147
115
110
164
145
110
108
102
48.1
110
128
58.7
81.2
84.1
81.3
81.3
84.8
73.6
98.1
47.0
53.5
127
66.2
130
137
130
144
118
56.5
147
44.7
97.1
110
143
97.2
121
139
132
69.9
151
144
69.5
92.7
80.0
74.6
76.9
132
125
143
114
43.9
105
51.8
55.6
187
52.7
84.1
92.7
115
105
100
109
84.2
125
122
90.2
139
91.8
116
88.5
149
114
116
116
139
83.4
84.8
94.4
109
102
66.7
70.5
109
78.2
71.9
85.3
87.0
118
121
125
72.5
114
83.4
64.5
80.1
39.8
36.5
79.4
116
130
154
124
100
36.5
99.0
143
43.9
59.2
154
104
98.1
73.0
72.5
62.5
122
93.5
85.5
88.6
112
122
94.3
106
35.2
188
86.2
56.8
91.0
127
118
127
147
84.8
143
128
62.1
133
178
103
80.7
156
172
119
86.2
86.2
96.2
127
147
166
38.6
125
154
91.8
108
112
137
137
132
128
106
116
96.3
127
122
141
152
156
115
112
72.2
115
141
93.5
128
152
141
135
139
135
149
141
115
127
149
151
139
109
137
150
132
78.8
93.5
98.1
141
156
132
145
154
124
78.8
124
141
154
118
110
148
154
142
140
121
130
104
125
132
121
93.6
111
91.8
61.4
89.4
36.9
139
77.0
115
115
112
143
97.2
118
112
99.0
91.0
141
91.0
114
112
103
139
97.9
103
109
82.0
111
55.9
161
139
48.3
89.1
149
84.8
104
115
125
147
104
139
95.3
55.3
127
135
145
117
154
132
145
164
124
172
148
170
133
83.4
145
80.0
78.7
76.4
147
113
112
118
164
149
125
147
152
130
119
92.7
130
128
143
130
107
114
124
68.1
139
116
149
127
143
149
118
141
121
149
97.3
166
161
150
112
122
128
145
167
154
48.1
130
114
61.8
161
128
71.0
132
122
91.0
156
128
55.0
119
111
87.0
108
114
94.4
139
145
159
152
141
141
98.0
125
71.0
176
159
94.4
147
143
170
147
109
109
175
142
154
103
107
153
137
141
125
145
154
161
121
94.9
65.0
156
164
137
179
137
156
152
150
147
161
147
96.1
175
143
154
143
159
152
93.5
161
137
154
147
171
154
182
108
128
159
135
176
154
141
135
92.7
156
130
114
156
161
84.1
119
166
149
108
116
111
125
104
147
173
132
156
157
159
123
110
124
127
160
108
147
118
172
152
154
68.0
92.1
149
154
164
87.0
132
159
86.2
121
116
143
147
178
154
143
139
125
98.0
145
152
172
147
156
147
164
167
145
147
164
152
143
145
151
133
154
147
141
141
145
132
170
133
159
124
128
128
154
149
149
149
170
135
101
111
151
107
159
173
154
159
139
147
133
159
179
137
157
130
181
159
139
141
143
173
103
145
186
156
159
167
185
147
132
179
158
79.4
196
156
149
119
149
145
164
151
148
137
128
125
141
157
147
172
135
147
179
162
161
159
158
141
159
152
121
114
175
161
141
158
181
159
156
170
150
154
156
128
128
135
120
156
141
154
119
154
137
159
159
176
172
110
179
149
154
105
164
154
141
133
185
156
161
149
122
125
154
145
158
164
156
172
154
165
127
147
161
173
147
137
103
170
167
173
145
164
126
167
153
150
158
154
161
183
143
150
147
162
154
149
128
169
171
178
152
116
135
122
145
103
169
130
161
145
154
159
150
161
159
149
70.9
147
170
114
143
170
128
145
156
130
119
145
156
116
152
152
94.5
112
108
141
164
124
145
145
159
171
172
162
124
139
136
133
127
172
141
98.3
186
143
145
175
172
166
152
170
150
119
159
164
118
147
169
156
149
127
154
138
139
154
122
148
157
161
125
108
161
147
173
149
189
128
149
159
173
176
156
141
163
130
178
176
188
143
154
154
167
157
104
109
87.0
90.2
81.3
81.4
125
149
124
101
132
124
182
185
125
176
164
135
159
143
133
156
159
154
166
164
164
161
172
156
139
106
143
159
128
189
182
169
166
151
178
167
149
139
170
149
156
169
150
161
159
185
164
159
175
112
156
164
137
124
143
164
121
161
159
156
152
161
129
154
130
143
99.0
99.9
133
166
154
161
151
139
137
154
121
144
152
147
130
145
130
164
104
147
147
143
145
144
154
150
122
154
152
149
153
159
125
99.1
58.1
133
106
141
139
152
128
154
44.3
169
147
156
179
192
159
118
185
154
159
154
145
125
164
147
145
164
151
133
159
170
164
145
131
131
154
107
154
125
152
169
115
185
154
175
112
149
132
159
152
141
158
137
164
151
156
192
69.0
164
87.8
172
146
152
94.3
96.2
176
167
147
176
130
149
161
145
121
151
159
128
81.3
175
143
137
118
124
178
175
145
143
164
164
183
170
178
157
145
159
127
110
179
158
166
152
154
152
162
164
114
154
143
154
123
158
156
162
147
133
154
112
164
161
152
147
173
179
154
143
167
179
154
162
167
141
152
153
164
164
169
192
152
159
161
141
164
164
176
164
137
175
145
141
141
154
147
164
175
135
184
143
135
173
147
159
102
123
167
166
133
143
123
122
135
128
159
156
159
135
139
121
159
182
149
179
161
149
159
177
175
154
172
149
164
162
130
151
176
159
172
161
156
154
164
179
179
147
158
179
173
149
182
152
154
132
159
164
152
189
169
127
156
151
143
152
154
170
164
188
128
156
172
147
152
156
149
128
135
135
168
154
150
152
169
161
176
154
155
185
179
159
162
175
164
191
154
125
172
107
168
134
143
182
124
179
164
164
147
179
159
152
137
152
161
145
171
161
145
154
162
162
185
161
173
172
156
151
145
147
133
156
175
159
182
152
173
170
179
167
150
164
170
130
169
135
139
132
156
162
150
130
159
164
169
173
124
150
176
147
154
154
154
154
170
170
161
161
164
165
159
167
172
147
156
179
154
137
150
161
105
123
156
149
145
175
189
152
171
169
178
156
152
169
164
149
145
147
167
170
189
180
182
179
185
179
172
176
143
149
149
176
154
173
141
162
135
137
141
175
145
159
151
145
152
156
164
156
154
161
139
143
152
143
152
192
179
164
134
128
176
179
164
173
154
162
159
98.0
176
193
132
164
149
172
159
179
182
156
130
182
158
164
182
162
185
162
161
156
159
159
159
167
164
164
170
157
156
157
162
161
172
154
149
162
149
150
159
154
161
161
152
179
161
178
179
159
159
182
167
163
149
154
154
154
122
169
159
176
182
176
181
175
173
166
159
119
156
185
179
137
156
150
154
159
161
161
154
185
154
169
175
156
172
137
182
154
167
145
154
115
169
143
152
145
161
173
176
164
141
167
170
170
167
139
167
172
161
175
172
164
152
158
154
167
143
164
147
127
149
145
154
164
173
159
179
176
187
167
167
161
189
176
178
185
174
164
154
156
156
113
191
157
145
135
154
156
164
161
170
194
159
164
164
157
147
137
159
192
156
181
158
178
182
182
154
171
176
189
175
176
164
161
176
182
149
161
172
77.5
190
173
182
178
189
154
159
185
173
159
176
143
176
173
182
182
162
169
164
169
152
157
159
178
170
162
154
156
156
195
182
180
169
185
166
176
172
162
176
169
147
159
154
176
177
159
185
170
172
178
203
177
178
159
176
159
172
149
170
190
149
172
185
178
170
185
164
176
169
179
164
159
166
178
182
170
179
124
179
154
213
170
178
179
164
182
164
161
173
167
193
159
164
157
182
173
170
193
170
156
156
161
175
156
170
164
161
169
139
167
179
173
181
156
179
145
179
172
159
164
185
181
169
161
174
179
186
164
158
159
185
167
178
176
192
176
182
172
175
164
182
165
164
159
170
181
173
178
135
176
179
164
196
189
190
171
159
172
161
164
185
115
164
162
208
175
182
159
156
167
152
184
157
182
176
185
178
178
167
182
126
178
182
164
182
162
196
161
176
162
176
186
169
178
189
176
159
170
175
185
178
182
159
170
173
176
175
179
173
159
189
176
191
154
157
164
188
175
168
161
154
185
181
172
182
164
172
182
179
179
186
162
174
179
157
175
167
179
167
177
157
181
179
189
175
185
169
179
182
172
164
186
179
179
185
170
176
176
189
178
185
170
173
182
178
178
179
173
176
176
182
158
159
164
167
184
178
175
172
179
179
159
173
182
159
185
161
182
173
189
178
154
182
169
179
143
171
172
173
170
179
134
132
166
167
177
185
174
172
179
170
178
182
185
154
182
179
176
156
182
173
185
182
192
176
193
178
184
185
178
176
179
159
176
181
182
185
209
172
189
188
170
182
182
185
182
175
210
185
178
174
182
175
179
185
175
179
167
179
184
167
156
178
188
176
170
173
173
168
196
179
174
182
172
188
167
161
185
179
164
176
176
185
178
185
175
191
182
181
185
176
176
173
170
173
182
182
179
174
170
185
185
186
185
185
189
185
172
172
176
178
185
185
174
172
185
190
182
189
193
178
179
173
176
182
176
200
182
181
176
182
191
185
184
196
194
178
182
169
138
182
172
185
179
185
185
184
185
189
178
176
179
175
177
173
182
185
175
185
175
182
175
185
172
188
159
186
185
176
178
175
187
182
176
179
189
182
185
162
173
175
182
182
170
185
185
179
179
180
170
182
171
179
176
176
188
179
182
179
182
176
178
176
185
192
179
193
182
175
189
176
189
184
179
179
188
172
164
173
189
185
169
181
179
181
174
171
182
182
182
181
176
179
179
185
173
185
186
166
189
164
164
188
182
188
176
172
173
179
176
178
182
192
184
176
187
179
182
182
182
179
179
182
177
189
173
188
180
179
182
188
179
174
183
182
185
185
175
198
189
182
175
181
167
164
176
188
170
179
179
181
185
182
175
185
170
164
196
182
181
175
178
190
182
182
173
175
182
185
189
170
179
182
185
192
175
179
164
179
182
185
176
184
179
185
182
185
175
176
176
179
182
186
171
185
188
185
182
188
164
179
173
185
179
180
129
182
172
182
196
178
173
182
182
177
179
143
173
175
184
185
182
185
193
182
189
185
175
170
193
189
170
181
186
174
172
141
186
186
189
149
178
188
169
182
185
186
184
192
173
172
196
166
188
185
183
191
179
193
193
180
169
176
176
185
164
170
175
193
189
186
173
186
186
178
185
181
180
176
189
176
182
189
185
179
176
200
169
189
184
186
181
196
180
182
173
189
188
192
189
185
196
179
176
185
185
173
172
185
181
171
173
185
172
182
181
182
180
179
176
164
185
192
167
186
196
182
172
203
176
176
186
188
189
169
171
168
186
185
173
191
164
181
182
179
182
166
170
182
179
181
185
179
172
156
185
186
175
189
182
181
170
176
178
182
178
178
182
178
189
182
185
181
176
189
185
154
131
164
172
173
170
156
182
128
179
179
182
179
178
170
172
185
185
161
195
179
176
192
175
156
178
182
180
185
179
192
167
200
181
178
176
182
180
167
192
173
189
192
185
170
179
175
189
170
178
188
187
178
177
193
169
172
182
179
179
175
186
185
185
173
193
170
189
162
185
158
178
159
178
168
175
176
176
182
192
154
186
182
182
177
175
171
196
182
182
153
176
182
185
196
178
179
189
178
177
179
172
159
175
161
189
172
192
182
178
170
185
182
192
178
185
182
176
186
190
185
192
175
185
185
172
185
156
189
172
176
182
164
179
178
186
179
179
176
189
124
173
184
181
185
172
171
182
175
189
186
182
182
187
185
169
170
185
179
182
178
179
196
172
182
184
182
189
182
171
179
185
182
181
179
188
182
182
179
185
166
179
169
181
184
179
172
185
175
159
170
175
161
171
159
178
170
193
152
184
143
175
177
167
150
179
168
185
173
182
164
182
175
172
175
167
147
161
169
186
192
188
159
176
169
175
175
172
169
182
176
167
172
179
192
172
186
172
173
185
179
164
154
185
182
173
167
184
182
182
188
176
185
179
175
166
185
159
185
178
173
164
185
181
196
192
168
179
179
185
182
170
156
193
181
189
174
182
175
181
192
182
196
187
182
167
189
185
181
174
178
170
165
182
171
185
178
186
192
167
173
188
179
188
182
173
185
184
182
173
185
182
189
193
179
179
182
186
183
179
176
164
172
175
173
185
185
188
170
173
185
139
178
181
188
186
189
186
182
156
185
176
182
181
167
179
182
179
189
191
176
175
188
200
182
182
185
193
185
179
178
179
175
179
181
181
189
177
168
179
197
192
166
176
189
181
185
178
188
178
182
172
170
174
179
181
182
176
172
185
185
169
141
173
183
179
181
192
175
176
189
188
178
184
170
171
185
191
193
99.1
169
175
181
189
186
186
173
180
178
174
178
182
188
181
183
179
181
179
181
168
185
177
172
179
172
161
182
192
175
194
186
178
167
191
177
178
172
188
196
169
193
179
188
169
193
176
182
185
186
182
167
158
192
189
170
185
178
164
179
177
178
173
178
179
179
185
184
185
179
189
162
184
164
183
181
169
180
178
169
196
182
189
182
170
162
173
191
178
200
185
225
189
178
181
162
182
173
175
194
173
170
167
182
182
189
189
156
161
179
159
167
172
191
182
173
196
182
178
172
175
185
188
188
167
178
189
181
177
185
170
184
179
173
193
212
172
166
178
178
195
189
163
186
164
182
181
176
187
178
189
153
181
195
182
178
185
169
184
188
199
145
181
175
179
192
181
189
187
189
175
172
180
170
178
179
184
168
189
193
179
169
174
184
189
182
169
182
177
184
181
179
176
187
189
176
170
172
182
178
179
164
133
178
182
172
161
180
185
176
181
182
181
179
134
181
181
179
179
170
182
182
176
196
175
184
182
170
174
178
171
182
182
179
173
170
170
185
182
199
196
179
193
185
145
156
170
170
167
175
186
167
173
188
172
167
91.8
179
176
178
178
181
178
175
174
175
189
173
178
180
179
185
192
182
181
188
181
175
176
178
184
179
186
178
184
178
185
181
192
179
188
182
173
184
199
179
176
176
176
178
170
182
193
171
177
185
179
180
178
172
192
176
185
173
172
195
178
189
185
179
174
181
185
193
181
179
168
196
199
185
182
182
189
182
174
186
200
182
185
179
188
161
171
188
176
179
179
173
182
184
173
179
182
178
173
193
179
173
175
188
187
182
182
181
179
184
176
175
185
185
182
183
178
172
167
182
189
176
182
175
172
168
169
193
178
182
179
185
179
167
181
169
185
186
175
175
176
170
173
184
182
161
176
177
172
201
165
179
178
176
186
188
173
178
192
181
182
131
179
181
182
185
189
178
191
188
186
178
176
188
191
176
189
187
193
189
187
184
178
164
182
178
183
182
176
175
181
178
167
178
183
172
164
178
185
178
173
171
185
186
158
167
166
169
169
174
168
150
188
179
173
188
173
182
189
185
185
176
181
178
208
175
182
167
179
175
157
182
188
184
166
173
170
174
167
179
181
182
193
182
173
188
175
182
176
195
188
175
175
185
182
186
172
179
180
199
175
176
166
166
164
175
173
169
175
177
192
181
170
176
169
179
164
185
169
192
185
186
188
196
185
185
176
189
170
181
174
179
173
176
189
179
171
196
181
182
179
182
176
174
175
181
181
192
181
175
167
175
178
181
170
176
188
185
195
172
176
185
162
189
183
189
189
184
191
185
177
170
196
175
178
178
176
159
192
178
174
185
143
182
172
176
186
179
175
174
159
179
176
182
188
179
193
182
167
188
186
170
174
188
182
175
169
178
179
178
172
194
181
185
199
172
178
186
189
188
181
190
182
179
182
180
173
186
173
178
170
185
182
164
186
185
182
175
175
176
181
178
177
185
182
176
190
192
167
181
167
186
182
191
180
178
181
186
178
170
170
165
173
180
188
188
161
186
186
183
185
188
126
181
185
182
182
172
168
179
173
193
188
182
182
188
185
185
182
186
185
187
192
169
161
179
192
180
189
185
173
178
181
189
189
196
188
176
182
201
185
184
172
196
185
182
186
189
179
183
181
180
161
179
195
185
185
177
172
176
179
188
179
170
175
179
172
179
192
179
167
173
182
179
180
174
192
173
191
175
182
156
162
174
154
180
171
167
182
181
196
179
196
159
170
166
167
163
167
176
182
167
175
172
182
164
167
181
178
178
177
176
181
167
149
101
172
182
172
172
151
167
159
164
179
157
176
167
176
161
179
170
179
188
200
178
158
185
145
178
161
193
181
137
189
171
179
164
176
166
166
153
173
161
179
184
186
172
171
158
161
164
152
167
172
130
182
169
185
170
164
164
169
175
159
130
170
176
167
169
169
182
166
173
172
179
154
149
189
167
173
164
146
175
173
176
173
175
163
181
181
170
175
179
152
173
176
179
188
159
168
179
164
185
176
179
169
176
185
170
185
185
179
159
176
170
178
164
179
167
175
180
182
185
174
182
132
171
182
186
173
186
186
171
170
176
173
159
192
186
170
182
176
176
177
179
182
188
176
177
170
162
182
170
170
176
196
173
172
178
175
175
167
169
156
169
172
170
175
192
172
175
164
179
176
157
167
192
173
176
164
148
175
176
161
186
182
181
179
170
179
204
162
181
185
181
185
176
182
175
185
169
182
176
204
185
170
182
182
192
172
176
176
170
176
170
176
182
177
178
188
164
179
172
181
175
178
176
182
179
179
175
181
189
177
173
168
172
173
172
178
176
181
185
192
185
176
201
175
168
181
178
182
166
161
185
178
184
167
176
182
188
179
162
172
164
166
183
182
185
169
181
172
176
189
169
179
182
178
176
182
185
166
167
185
164
182
163
178
164
182
167
158
179
176
185
156
192
172
173
175
159
166
172
177
184
158
167
158
151
182
149
161
170
185
176
177
165
189
182
169
179
189
166
164
161
173
184
182
181
182
178
170
175
170
171
193
154
159
176
170
179
182
186
157
174
185
186
185
159
193
161
185
171
185
169
175
178
172
182
152
173
187
183
185
189
199
193
175
166
179
179
164
185
167
185
151
152
174
178
175
185
181
185
185
182
186
181
185
176
176
175
176
156
173
172
181
178
179
179
164
164
132
161
177
179
186
182
192
169
183
165
129
132
151
172
161
182
164
169
169
173
176
132
173
179
177
176
185
176
173
185
178
182
186
179
182
175
185
156
175
170
164
173
169
175
185
175
161
164
177
172
175
175
185
181
175
183
172
171
189
156
185
176
185
178
204
166
178
178
179
154
169
161
162
137
139
145
157
178
176
165
175
175
172
170
170
131
173
182
164
179
135
184
183
175
182
188
172
185
185
176
167
167
164
183
185
184
181
159
154
178
156
139
122
171
175
158
159
148
137
156
185
171
125
115
176
162
156
177
168
161
164
169
158
153
154
189
194
139
173
156
172
175
178
165
163
147
149
179
156
156
187
163
164
162
178
140
178
175
181
152
185
175
167
159
181
169
189
189
185
179
166
176
188
169
172
170
163
167
175
175
172
164
192
176
188
178
175
149
152
130
161
169
178
173
176
165
159
161
185
164
173
178
171
164
169
159
162
164
178
187
182
189
169
178
175
176
189
175
176
173
135
172
178
172
170
182
179
166
157
152
164
187
161
160
196
185
132
161
184
164
164
156
172
161
173
164
172
159
141
172
156
128
159
189
173
154
143
179
145
186
164
161
156
161
172
175
176
170
176
179
137
151
169
179
169
154
167
111
164
140
125
159
178
171
184
169
177
164
177
185
182
159
157
175
154
164
167
161
164
161
169
169
166
164
167
154
175
202
182
156
177
189
169
182
156
169
181
189
161
147
164
164
150
151
185
177
174
179
170
170
169
147
182
166
164
170
167
184
175
161
172
169
175
172
176
169
167
141
182
175
154
173
170
170
169
169
169
184
122
184
179
171
161
150
181
154
154
130
152
174
159
147
157
152
154
127
124
169
159
156
147
166
162
156
133
175
161
164
124
152
156
160
153
170
179
147
164
152
172
179
121
178
173
151
164
161
118
176
145
163
154
163
154
167
164
181
162
156
173
172
151
118
149
181
133
161
179
179
145
151
131
143
157
164
144
161
164
157
145
177
151
170
143
137
164
162
119
154
151
167
156
156
154
164
172
169
139
180
164
164
156
159
173
182
149
135
110
175
161
156
145
141
145
186
157
135
147
162
96.1
138
164
108
117
152
152
151
159
154
156
179
178
168
172
156
162
167
176
173
172
150
156
147
167
154
170
159
132
164
162
130
173
141
169
162
164
157
154
149
143
178
161
151
173
156
152
164
145
141
154
139
157
137
159
137
161
132
147
175
159
145
163
154
156
128
164
159
167
173
145
145
159
145
141
151
140
143
170
161
156
123
141
132
178
149
156
144
164
154
130
154
135
143
137
159
132
141
173
156
152
154
126
133
137
156
151
141
161
161
147
141
174
161
167
159
146
161
154
145
145
125
167
163
145
125
124
149
133
133
122
145
145
161
154
161
116
135
151
156
159
127
154
152
154
182
166
157
176
164
153
159
172
134
123
166
159
156
154
164
166
134
158
130
162
151
183
135
178
107
164
157
139
161
169
161
135
154
139
105
116
131
137
141
161
126
175
158
202
143
165
165
154
151
147
158
147
149
128
152
182
152
160
190
152
164
141
170
173
119
152
162
149
145
143
159
137
173
170
106
152
135
137
154
166
179
161
164
159
147
164
166
157
154
145
161
154
179
164
135
145
122
156
158
147
164
157
148
147
145
152
151
128
127
150
167
122
149
143
127
156
143
159
80.6
109
154
152
153
164
127
154
172
154
167
137
132
94.4
164
145
133
137
147
133
115
145
99.2
82.6
116
157
154
147
163
154
156
154
131
151
137
111
114
165
147
125
133
115
172
134
154
128
147
164
159
135
152
152
132
157
181
169
73.0
102
133
169
137
135
156
175
149
128
159
145
102
75.8
115
139
145
103
130
131
98.1
147
161
137
123
109
116
167
132
84.1
123
121
154
158
115
173
130
125
132
125
159
173
169
156
154
141
145
132
66.3
125
174
125
149
164
141
164
149
149
138
145
141
130
169
163
164
152
102
101
151
152
130
121
156
130
145
76.3
94.4
131
118
147
145
170
167
92.7
106
176
147
145
141
158
159
164
152
129
154
127
87.0
102
166
141
128
128
124
124
80.6
67.6
105
115
116
128
119
151
72.5
92.6
59.5
103
133
110
167
127
172
132
116
130
125
139
112
75.2
80.7
90.2
75.4
106
154
82.6
87.8
111
66.7
127
114
130
64.6
108
83.3
131
112
132
132
175
110
145
91.8
121
137
156
101
130
119
130
125
151
111
156
115
122
143
158
152
149
82.6
118
145
149
45.6
174
73.6
69.9
135
116
115
125
180
139
103
143
86.3
141
149
122
167
104
125
125
139
124
120
151
147
149
97.2
137
115
143
120
164
120
154
87.0
185
19.2
124
132
133
98.1
37.1
112
151
131
137
86.3
86.3
111
157
149
133
122
120
121
169
128
104
161
106
121
124
87.0
94.4
125
135
122
139
45.5
91.0
77.6
119
127
92.4
118
19.8
52.4
52.9
50.0
75.2
58.2
99.1
82.6
59.5
84.0
105
75.8
125
80.8
140
128
80.6
125
87.0
46.1
74.2
77.5
115
90.8
118
141
154
137
92.7
147
115
143
91.8
114
137
78.7
152
127
156
149
78.8
87.0
87.8
96.2
93.5
87.8
111
126
96.9
112
130
85.5
127
171
121
53.5
68.5
86.2
105
159
30.4
127
145
69.5
96.2
96.3
100
49.5
52.4
130
119
45.1
43.7
68.0
102
82.8
29.0
54.9
55.1
55.9
139
38.6
124
81.2
87.8
153
53.8
93.5
95.3
133
99.1
166
140
96.2
109
90.3
119
103
116
132
143
131
122
91.0
133
128
142
141
141
106
75.8
109
134
87.1
60.2
52.1
57.5
106
50.9
114
77.6
86.2
143
129
141
130
164
173
145
152
128
103
137
139
35.3
125
57.2
128
149
116
87.7
110
96.4
105
113
110
147
119
137
105
173
82.0
100
73.0
84.1
130
156
137
154
98.1
109
137
137
154
109
114
154
98.1
137
102
55.1
143
167
163
133
0
0
3.39
>>>>>>> f4f0fbc662ecad984a1fe08053b3d5ee21664e90
33.2
58.5
52.4
80.7
58.2
116
38.3
53.8
29.7
19.4
69.5
50.2
74.1
89.4
95.2
124
45.3
93.4
50.0
65.4
38.9
0
49.8
57.8
15.0
36.8
29.6
125
111
36.0
21.6
22.9
42.0
103
37.2
91.8
120
44.9
49.7
36.1
41.5
102
95.3
31.2
73.0
35.5
22.5
87.0
56.5
76.5
81.3
24.6
81.4
14.3
24.0
11.1
19.6
55.6
44.9
19.2
73.6
31.0
22.8
56.5
0
59.2
46.7
56.2
41.0
26.8
25.9
71.5
82.8
59.2
30.5
36.9
27.4
75.2
31.4
48.3
43.3
30.7
38.9
30.5
31.5
71.5
17.5
51.8
55.6
58.5
15.2
25.8
34.6
34.0
87.8
62.2
19.5
15.9
62.9
26.2
40.2
42.6
23.3
56.5
45.9
86.3
52.4
7.87
11.8
13.1
32.5
109
74.1
29.0
61.4
57.1
68.5
66.7
67.1
94.5
127
167
163
139
137
141
122
115
149
62.1
103
124
73.6
110
103
100
109
102
104
95.2
124
124
114
127
143
139
156
166
112
139
122
111
137
127
96.2
109
103
54.4
67.6
39.5
59.2
46.1
134
115
121
111
109
135
143
122
115
97.1
115
114
100
106
112
125
117
127
116
132
119
151
137
91.7
62.9
54.4
84.8
82.0
99.2
103
89.2
89.3
30.7
101
97.9
94.3
98.2
103
93.6
97.9
76.4
94.4
101
89.2
93.6
77.6
82.7
127
77.9
44.9
76.5
149
47.9
16.8
34.5
15.4
101
89.3
131
111
107
41.4
112
100
124
81.3
92.6
94.4
file
0
0
130
115
106
101
66.2
56.2
42.4
83.4
81.3
40.0
48.6
78.8
118
59.9
59.9
30.6
27.8
62.9
116
28.6
65.8
59.6
76.3
108
78.2
83.4
105
104
116
124
114
164
164
114
125
124
121
102
137
139
154
144
133
145
164
139
128
105
161
137
141
128
162
118
74.7
102
62.9
110
48.6
93.4
130
93.6
137
130
153
124
49.5
75.8
78.8
149
145
111
109
108
130
121
97.1
90.2
104
128
137
178
26.7
27.9
33.7
22.4
70.5
56.8
55.9
61.0
68.0
66.3
69.0
73.8
78.2
75.2
74.1
69.5
49.8
48.8
47.9
44.3
46.1
46.9
48.5
48.7
48.5
54.1
88.5
127
105
103
126
103
145
131
119
141
49.0
53.5
53.3
47.9
45.9
54.9
47.6
44.6
52.4
54.4
49.5
45.3
55.9
47.8
53.5
54.7
52.7
54.1
56.7
61.8
47.3
0
57.8
46.1
59.8
56.6
62.1
59.2
61.3
62.9
51.3
55.5
51.3
60.6
51.0
52.9
53.2
60.0
52.7
60.2
60.6
61.8
64.9
63.3
57.8
43.3
50.8
51.8
48.6
56.5
37.0
52.4
51.3
62.1
49.4
45.3
124
144
100
132
123
86.2
99.1
101
106
27.1
91.8
98.1
51.8
55.0
52.1
61.8
53.8
47.0
58.8
56.8
52.9
54.9
58.5
47.6
60.6
63.0
46.5
54.7
60.3
57.8
60.9
51.3
55.0
51.0
65.0
55.0
57.2
62.9
59.2
61.4
54.8
58.1
51.5
59.9
61.4
62.9
59.2
52.9
52.3
52.9
55.6
61.7
57.5
57.5
61.4
58.2
48.6
62.1
55.6
60.3
61.7
60.6
59.5
55.0
59.9
47.9
141
110
52.4
53.0
51.6
60.2
58.5
62.1
61.0
60.6
64.5
62.4
56.2
51.8
53.4
62.2
54.6
60.3
40.6
17.9
18.8
0
17.0
13.4
50.5
0
32.6
37.9
90.1
78.2
77.5
37.5
23.1
143
46.7
83.4
116
105
77.0
86.3
135
46.3
105
99.9
118
55.0
51.6
55.6
14.4
36.9
47.6
55.3
44.9
45.9
42.9
54.4
52.9
29.1
59.2
50.3
52.6
64.5
61.8
62.4
162
149
84.8
85.6
109
149
122
90.0
109
133
130
149
128
50.0
54.7
59.6
56.2
52.3
37.9
56.8
48.5
65.0
64.2
63.7
61.8
64.1
15.2
69.5
16.9
33.8
36.6
48.8
25.8
34.4
76.4
133
18.4
22.5
23.6
161
169
118
130
44.9
145
161
170
154
150
143
158
145
110
150
114
59.2
147
112
141
67.1
87.8
122
124
67.6
128
95.3
102
93.6
128
149
141
169
137
152
135
114
70.4
65.0
137
20.3
0
33.6
21.6
78.2
38.9
33.5
13.9
38.6
7.25
15.6
105
0
8.98
0
38.0
9.70
10.0
14.5
29.7
69.5
12.5
99.1
69.0
34.6
12.7
61.0
17.7
13.5
0
17.4
12.7
7.89
26.6
11.0
13.2
12.1
8.46
8.68
7.90
18.5
0
12.5
7.01
6.96
12.1
0
30.3
28.2
36.2
19.8
62.9
12.0
28.7
38.5
20.1
9.11
15.5
17.0
14.0
32.7
21.9
36.2
12.7
0
0
17.4
53.2
12.8
36.9
29.2
45.5
30.4
29.0
65.0
52.1
22.1
11.9
41.9
0
16.5
41.3
22.6
0
0
16.2
42.9
35.5
26.8
52.0
34.3
56.5
24.5
29.9
9.90
16.5
17.7
36.5
13.2
15.2
37.5
116
61.8
78.1
114
87.0
83.4
154
143
139
154
62.5
141
141
91.8
127
139
108
109
122
137
139
68.0
65.4
57.5
59.5
58.8
46.5
34.6
57.8
71.0
37.8
53.5
56.2
55.2
55.6
21.7
62.5
94.3
95.2
78.8
43.5
61.8
78.2
91.0
66.3
63.3
42.7
57.7
23.6
72.5
68.3
66.3
50.8
93.4
60.6
88.5
79.3
101
103
137
116
154
95.2
115
115
76.1
121
26.6
70.0
80.0
20.9
32.5
72.0
18.5
21.1
74.7
76.9
173
176
173
97.2
143
137
163
185
132
114
151
164
159
167
185
168
172
154
127
116
114
49.3
89.3
55.2
55.3
84.1
81.4
30.4
73.0
154
172
135
167
97.2
108
125
149
73.5
77.0
75.3
74.0
72.5
73.5
69.9
49.0
34.2
58.8
69.9
63.7
68.1
81.4
67.1
78.8
65.8
71.4
73.5
63.7
82.7
84.8
77.6
82.0
89.2
135
173
153
74.7
184
121
164
181
49.0
67.6
72.5
75.8
80.0
68.4
77.6
74.1
75.2
65.8
64.5
75.8
60.3
73.6
71.5
67.2
82.6
71.0
55.6
72.0
70.5
70.5
73.0
62.5
63.7
137
139
96.1
186
182
101
90.9
91.6
84.7
68.5
96.2
80.7
91.0
92.6
94.4
104
94.4
104
98.9
97.2
102
91.8
95.3
96.2
100
80.7
98.1
91.7
87.8
90.8
85.6
84.0
89.3
0
65.4
87.8
71.5
87.1
84.8
91.0
97.8
106
102
103
91.8
92.6
70.5
73.1
89.3
89.3
89.2
72.9
37.9
71.5
77.0
76.4
66.2
75.8
74.6
77.0
64.1
69.9
0
66.7
76.4
82.0
149
159
149
164
141
161
161
182
130
114
90.2
94.4
95.3
87.0
87.8
98.1
97.1
87.1
60.6
85.5
89.2
82.0
82.7
92.7
80.7
72.0
85.4
100
96.1
65.8
58.5
98.0
87.8
94.3
189
145
74.1
103
112
125
147
61.4
147
39.2
132
133
170
96.3
125
106
32.8
106
133
181
103
94.4
101
97.1
97.2
101
90.1
99.9
98.1
102
92.5
99.0
82.1
178
152
170
151
166
192
132
154
153
141
179
179
185
172
175
132
159
178
188
188
182
182
161
164
196
169
175
137
125
72.0
75.1
81.3
75.8
206
192
167
167
130
137
139
145
161
138
137
149
152
145
128
139
145
44.3
95.4
127
154
152
149
161
90.1
73.6
127
118
62.2
91.0
122
126
39.1
63.3
115
23.2
15.6
9.23
78.8
94.4
137
93.4
83.4
51.0
0
185
103
145
152
111
67.0
69.5
62.9
80.1
121
118
169
117
175
181
91.0
156
188
172
170
161
132
139
167
91.7
14.3
36.5
48.8
6.85
13.1
55.3
80.7
49.0
121
118
68.0
75.2
79.4
74.1
77.6
78.8
78.9
82.0
67.1
69.9
56.5
0
48.6
36.1
77.5
27.3
66.7
42.2
30.7
115
76.4
103
73.0
122
81.4
55.9
112
116
62.5
104
16.0
128
141
164
12.9
130
133
115
115
106
43.7
122
11.5
125
90.1
66.2
67.5
119
67.6
125
70.0
94.4
111
90.9
106
132
114
108
122
125
133
127
52.9
103
141
154
149
108
file
0
158
file
0
file
0
154
file
0
0
0
0
0
0
0
0
0
0
0
0
0
0
0
169
188
188
158
183
137
161
152
154
98.1
50.5
48.9
35.3
45.7
62.9
65.8
72.0
52.9
40.8
65.4
38.6
30.5
64.5
74.1
110
135
80.7
108
91.7
46.7
62.5
46.3
52.7
53.2
30.1
77.6
83.4
66.7
71.0
77.5
45.7
78.2
106
94.4
87.0
80.7
78.8
68.1
44.3
65.0
51.6
36.2
51.8
27.2
57.2
59.1
29.0
48.6
26.6
22.4
24.2
80.7
56.9
31.5
36.9
26.7
77.0
114
49.8
36.0
69.0
55.6
49.3
108
59.2
187
178
132
111
176
147
125
118
135
96.3
72.5
130
149
143
110
93.4
50.5
21.6
72.0
83.4
31.5
31.6
31.6
125
69.9
95.2
101
143
123
133
133
130
94.4
87.0
80.0
57.2
48.1
102
69.0
139
108
36.4
107
99.1
102
101
107
59.2
95.2
89.3
98.1
95.3
97.1
67.6
73.0
47.2
58.5
94.4
80.0
83.4
35.6
51.3
0
24.8
12.4
30.6
23.8
50.5
30.2
6.72
47.0
22.9
21.3
28.3
91.8
85.4
33.1
68.1
45.1
21.3
83.4
107
87.0
91.8
89.4
84.1
27.0
62.9
22.4
71.0
106
84.8
99.2
95.1
110
112
118
107
102
95.5
151
110
164
101
143
141
93.5
161
147
172
111
125
119
137
99.1
125
130
98.1
131
110
71.4
69.0
89.7
98.0
46.1
59.9
66.7
66.7
66.3
76.3
75.1
75.9
183
143
179
191
128
143
0
0
0
0
135
0
0
0
0
0
0
0
0
0
0
0
0
0
0
0
0
0
0
0
0
0
0
0
0
0
0
0
0
0
0
0
0
0
0
0
0
0
169
0
0
0
0
0
0
0
0
0
0
0
0
0
0
0
0
0
0
0
0
0
0
0
0
0
0
0
0
0
0
0
0
0
0
0
0
0
0
0
0
0
0
0
0
0
0
0
0
0
0
0
0
0
0
0
41.3
0
0
0
0
0
0
0
0
0
0
0
0
0
0
0
0
0
0
0
0
0
0
0
0
40.7
108
38.2
97.2
121
48.1
65.0
130
91.8
47.4
49.5
75.2
123
53.5
0
0
0
0
0
0
0
0
0
0
0
0
0
0
0
0
0
0
0
0
0
0
0
0
0
0
0
0
0
0
0
0
0
0
0
0
0
0
0
0
0
0
0
0
0
0
0
0
0
0
0
0
0
0
0
0
0
0
0
0
0
0
0
0
0
0
0
0
0
0
0
0
0
0
0
0
0
0
0
0
0
0
0
0
0
0
0
0
0
0
0
0
0
0
0
0
0
0
0
0
0
0
0
0
0
0
0
0
0
0
0
0
0
94.4
88.5
0
0
0
0
0
0
0
0
0
0
0
0
0
0
0
0
0
0
0
0
0
0
0
0
0
0
0
0
116
71.5
90.1
85.5
34.1
130
142
105
29.2
38.3
116
45.2
54.1
70.8
37.0
167
150
81.1
42.6
51.0
88.6
44.6
22.7
111
14.3
114
24.0
44.7
33.7
22.0
54.4
72.5
68.5
75.1
125
103
79.5
0
128
159
151
135
156
166
167
111
95.3
83.3
105
100
46.5
15.1
36.4
36.0
58.8
124
125
54.7
29.6
30.8
5.91
10.3
18.8
152
109
121
154
145
122
27.2
0
0
89.3
49.5
34.1
84.7
18.3
39.2
50.6
24.1
115
0
118
141
63.0
91.0
172
114
55.6
67.1
72.5
74.7
72.6
75.8
72.5
71.4
70.5
70.9
76.4
74.1
59.9
69.9
74.7
64.1
64.6
77.0
73.5
68.1
65.7
64.0
68.1
74.6
78.8
209
191
176
171
128
194
162
169
174
151
165
196
185
181
200
189
182
173
193
0
118
187
192
192
186
175
154
184
192
185
204
202
164
194
192
195
136
214
188
188
196
177
179
200
177
101
164
185
181
182
173
195
177
170
193
188
143
175
149
77.6
41.3
62.1
54.7
61.0
156
149
149
159
111
159
149
152
162
139
154
157
154
152
145
149
154
108
111
173
87.8
55.6
91.0
92.6
41.5
90.1
31.7
62.9
44.9
65.0
51.3
64.1
60.6
156
128
162
133
132
118
98.1
108
143
103
143
141
172
161
159
137
159
196
131
188
140
97.0
185
159
188
191
194
161
137
172
130
154
122
147
98.1
91.0
95.2
109
99.1
86.2
111
81.4
61.3
81.3
84.8
34.1
83.1
85.6
47.6
67.6
83.4
76.3
32.9
82.0
82.7
75.7
80.1
76.4
66.3
69.5
84.1
84.8
73.0
65.0
82.4
80.6
125
159
108
59.5
105
75.2
18.2
70.5
44.9
30.6
46.7
32.9
57.2
66.7
88.5
72.5
72.5
30.0
72.5
77.6
38.0
33.5
52.1
40.8
50.5
77.3
64.1
46.1
29.2
59.5
87.0
82.7
29.5
41.8
164
170
139
135
82.0
64.6
55.6
75.8
42.7
30.5
88.5
93.5
104
115
45.1
47.9
74.1
86.2
83.4
56.2
111
92.7
38.6
25.8
73.2
68.9
115
103
54.4
25.8
44.1
109
97.1
130
147
125
102
112
135
107
103
111
82.7
126
106
105
112
147
132
122
32.7
103
101
75.2
85.5
78.2
52.6
17.5
60.6
63.4
37.6
82.7
77.0
37.9
51.7
66.2
57.8
111
98.1
130
105
87.8
135
130
125
154
156
109
107
109
118
119
114
102
114
67.1
137
101
110
119
101
118
111
95.3
104
112
112
116
119
170
170
169
182
85.0
159
156
147
161
170
147
152
198
135
170
166
176
201
161
164
167
156
164
152
196
159
170
206
156
143
161
156
212
156
172
185
185
187
141
157
114
119
189
141
141
159
145
135
179
94.3
77.5
88.5
102
106
106
105
104
105
104
81.4
85.5
88.6
105
99.1
75.8
83.4
132
178
189
162
145
139
150
179
119
74.1
143
73.0
159
147
121
147
173
172
167
156
167
151
84.1
125
127
110
147
159
132
98.1
121
125
164
141
154
152
196
176
152
104
139
169
193
162
161
141
132
175
170
154
147
193
186
167
159
166
189
176
201
145
167
196
141
125
111
169
172
182
159
119
156
127
100
162
160
173
128
0
161
133
53.8
56.2
60.3
64.1
65.4
65.8
65.8
62.9
56.2
56.8
75.8
77.0
76.3
55.9
78.2
79.8
78.7
77.5
80.0
80.0
178
195
185
195
193
201
196
203
203
175
186
179
203
196
181
111
182
195
204
124
182
198
198
203
189
189
176
143
171
154
204
147
189
156
137
200
181
156
164
192
185
121
156
175
159
169
137
145
154
189
175
172
110
121
185
155
137
172
199
182
190
193
161
171
113
173
159
169
141
142
161
169
164
181
134
173
182
180
176
171
182
173
204
159
185
149
173
176
167
189
192
143
185
152
189
162
172
176
177
156
143
49.7
141
167
193
189
23.5
25.9
149
112
156
178
167
152
138
147
182
193
178
173
191
104
162
184
193
171
167
159
147
121
137
182
21.6
46.5
75.2
176
161
156
182
143
0
119
108
141
71.5
111
131
118
143
147
189
175
179
149
176
159
119
154
110
159
130
170
141
156
143
145
137
156
135
90.1
67.6
15.8
49.0
84.8
41.2
32.7
42.0
52.1
89.4
51.8
23.8
29.0
24.3
68.5
50.5
29.0
37.6
20.2
36.3
40.5
68.5
136
145
90.1
76.4
88.5
51.8
64.1
33.5
145
44.6
58.8
116
72.5
50.5
79.4
65.6
41.5
95.9
29.4
70.5
63.7
49.0
0
58.8
96.1
51.3
154
157
19.1
96.9
44.2
51.8
32.3
135
52.6
20.8
52.1
98.1
68.9
38.2
23.5
50.3
106
102
135
55.3
36.2
137
118
25.6
49.0
51.2
122
150
151
106
145
145
133
145
111
154
158
135
125
153
154
141
95.4
60.5
60.0
71.0
23.8
7.69
13.4
67.6
30.8
29.4
28.1
19.8
13.8
14.3
36.6
93.5
51.0
53.5
31.8
60.7
25.8
11.2
28.2
23.8
12.4
17.7
29.0
51.8
48.1
90.9
30.0
37.4
51.8
15.7
38.9
52.6
97.0
68.1
40.5
47.8
28.9
29.8
88.6
26.2
23.5
41.8
125
82.5
32.6
29.5
45.7
12.5
50.3
27.1
28.6
66.2
48.3
20.5
41.9
60.6
18.2
21.9
23.5
44.3
43.8
20.1
50.3
27.4
13.9
48.1
20.6
41.5
33.7
81.4
24.1
26.5
57.8
62.5
48.1
14.5
64.9
92.6
122
49.3
78.7
33.9
17.4
58.5
61.7
72.4
108
95.3
55.6
143
47.4
53.2
12.5
90.9
26.0
20.5
0
49.8
38.8
22.2
33.9
14.7
74.1
48.3
28.1
25.7
40.0
62.9
9.62
68.5
53.8
0
71.8
0
119
152
97.2
130
115
149
126
90.0
124
122
167
123
161
0
118
169
0
90.2
159
170
152
159
31.2
145
126
96.2
108
41.5
120
84.7
112
135
66.6
145
145
152
109
132
149
135
132
59.2
119
79.7
145
118
114
137
147
145
97.0
132
167
27.8
107
131
90.2
64.1
161
112
96.2
102
137
123
124
166
107
123
98.1
104
115
143
111
122
128
122
111
58.4
81.4
62.5
68.5
78.1
71.5
69.9
62.5
51.0
52.8
65.4
73.5
63.3
68.7
59.9
71.4
59.5
51.3
58.2
114
109
75.8
98.1
90.1
156
65.4
132
119
130
167
159
159
99.6
114
52.7
39.3
74.9
145
164
119
112
38.3
64.5
65.4
47.6
14.7
50.8
20.0
49.0
55.3
33.3
38.8
41.3
62.9
61.7
45.9
64.9
61.0
23.9
47.9
23.3
33.9
62.9
28.7
59.9
47.0
16.9
86.2
14.9
68.1
50.2
28.4
35.6
26.6
65.0
23.8
39.8
66.3
36.1
72.5
37.9
25.6
29.9
28.4
100
48.3
28.8
37.7
47.9
53.2
26.4
65.4
18.6
70.4
77.0
38.5
52.1
80.7
86.2
85.4
84.1
104
58.2
42.9
45.1
30.6
33.7
89.2
64.5
97.2
75.2
83.3
78.8
71.9
90.1
46.3
41.9
38.9
50.3
64.9
70.0
31.7
110
53.8
42.2
63.3
73.5
40.5
67.6
84.2
84.7
67.6
28.2
73.0
38.2
69.9
45.6
49.5
62.5
35.7
84.1
31.9
59.6
70.0
71.0
59.5
60.6
31.7
27.7
40.8
128
64.2
100
86.9
91.6
28.6
149
56.9
69.0
156
122
143
72.0
57.2
127
80.7
61.8
55.6
117
135
128
103
105
42.2
76.4
70.0
52.4
95.3
88.6
106
68.5
82.7
105
69.5
115
122
119
145
50.3
71.9
97.1
73.6
97.2
96.3
79.4
106
100
104
71.0
94.3
95.3
85.6
98.1
83.9
92.7
90.9
96.2
91.7
57.5
79.4
84.1
84.8
100
105
93.9
77.5
65.8
65.9
34.1
122
109
41.7
122
61.3
95.9
61.0
99.0
109
58.2
114
36.1
36.9
76.4
77.0
37.2
115
114
109
78.8
32.2
78.1
120
122
54.1
83.3
152
113
159
151
124
118
10.9
80.1
69.9
0
37.4
25.1
54.1
44.3
38.2
12.9
62.5
67.2
36.9
48.8
29.9
20.0
67.1
19.2
23.3
34.7
47.2
26.3
29.7
27.0
30.1
48.8
61.0
49.3
33.2
37.7
115
42.9
36.5
57.2
31.7
108
118
60.6
16.0
128
43.3
36.1
81.3
113
39.4
71.9
78.7
67.1
48.3
77.0
134
84.0
31.6
84.8
131
107
141
116
128
58.7
33.6
75.2
115
63.7
44.8
65.4
65.8
30.4
57.8
98.1
45.7
81.4
70.5
90.9
79.4
106
32.9
98.9
107
98.9
93.5
99.0
39.1
56.5
24.1
57.5
93.5
76.4
37.0
77.0
33.0
92.7
96.2
92.6
92.8
34.8
100
104
27.2
48.6
43.7
134
38.3
108
119
111
57.5
102
40.5
35.6
55.9
46.1
91.7
95.1
47.6
60.3
89.4
40.6
125
71.0
91.0
25.1
115
31.5
127
99.3
37.4
67.1
127
103
44.8
59.5
93.5
80.8
35.9
48.6
78.1
49.7
43.3
59.9
24.9
89.2
149
125
67.1
86.3
73.6
74.1
80.6
145
60.6
67.6
16.2
0
0
0
0
0
0
0
0
0
0
0
0
0
56.8
125
83.4
127
50.8
46.3
57.8
66.3
63.3
40.2
56.5
75.2
62.5
67.6
101
65.4
62.9
48.0
39.9
41.9
63.3
157
59.5
72.3
30.9
72.5
64.2
27.9
66.7
57.8
52.7
69.0
46.3
51.8
35.7
84.8
24.1
31.5
85.5
22.6
58.2
42.6
108
95.1
91.0
50.3
130
42.6
33.6
57.8
32.6
37.3
104
48.8
35.7
64.5
147
58.9
102
32.4
43.1
25.5
88.8
18.6
33.0
69.0
77.6
36.9
67.6
87.6
127
80.0
53.2
33.7
46.7
0
19.8
59.9
74.6
46.5
71.4
27.7
78.5
32.3
37.9
38.0
68.5
77.0
66.7
88.5
71.0
81.4
57.8
73.6
83.4
78.2
68.5
71.4
65.0
23.8
24.5
62.5
45.7
85.5
98.1
56.2
33.6
18.0
64.6
63.7
33.7
68.5
41.7
18.4
60.3
52.1
45.1
36.2
37.9
44.9
25.5
48.8
34.4
57.1
26.0
27.0
87.7
88.5
27.4
84.1
17.2
91.0
31.8
16.1
91.1
74.1
111
23.6
34.9
87.0
50.0
63.3
13.9
115
35.8
22.6
22.7
54.7
49.0
23.0
32.8
59.9
26.4
14.8
41.9
35.6
72.5
27.5
61.8
38.9
49.3
60.2
23.4
0
0
0
0
0
0
0
0
0
0
0
0
0
0
0
0
0
0
0
0
0
0
0
0
0
0
0
0
0
0
0
0
0
0
0
0
0
0
0
0
0
0
0
0
0
0
0
0
0
0
0
0
0
0
0
0
0
0
0
37.9
23.1
0
34.2
89.3
22.9
33.5
11.1
16.7
12.7
14.5
47.4
22.2
33.0
29.8
21.1
0
0
0
44.5
95.2
23.6
127
96.2
98.1
135
153
52.8
0
0
0
0
0
128
102
0
0
0
0
0
0
0
0
0
0
3.24
3.32
2.41
3.88
3.77
4.10
4.27
4.50
4.23
2.58
2.86
4.33
4.49
4.74
3.24
4.17
4.75
4.79
2.81
2.70
4.13
4.20
4.93
82.1
4.06
4.38
3.22
1.90
2.48
4.07
2.96
4.56
4.62
4.17
46.5
3.66
3.78
3.57
2.06
1.97
2.12
2.08
1.78
2.74
2.03
2.11
2.04
1.98
1.97
2.03
1.91
2.02
64.2
3.91
3.38
3.12
4.19
3.54
3.56
2.40
3.51
4.29
4.50
2.98
2.47
4.50
4.39
3.07
2.93
3.15
2.92
4.07
5.56
3.80
4.51
3.73
3.24
4.88
4.09
3.44
47.5
2.01
5.44
3.68
3.48
5.10
4.04
465
3.41
47.5
4.55
2.73
3.84
5.02
2.31
3.47
3.59
52.5
3.17
4.48
3.22
3.82
4.95
3.50
2.64
5.21
3.88
5.25
3.37
5.08
4.20
4.33
4.25
3.10
3.67
3.69
3.83
4.03
4.15
3.39
3.74
572
3.35
47.5
2.85
3.69
1.63
2.74
3.83
4.10
2.71
3.69
3.10
3.61
2.02
3.82
147
269
798
0
0
0
0
0
0
0
0
0
0
0
0
0
0
0
0
0
0
0
0
0
0
0
0
0
0
0
0
0
0
0
0
0
0
0
0
0
0
0
0
0
0
0
0
0
0
0
0
0
0
0
0
10.0
0
0
14.7
0
14.5
0
0
0
0
0
0
0
0
0
22.0
0
0
7.92
0
0
0
0
0
0
0
0
0
0
0
0
0
0
26.0
0
0
0
0
11.0
0
0
149
0
0
0
0
0
9.99
0
0
0
0
0
22.1
0
0
42.4
74.1
19.9
0
0
25.2
0
0
0
0
0
0
0
0
0
0
0
0
0
0
0
0
0
0
0
0
0
0
0
7.27
0
0
0
0
0
0
58.5
0
43.9
16.1
87.7
0
0
70.5
99.0
10.3
17.4
52.7
15.0
31.4
63.7
0
27.3
38.2
8.03
0
0
26.9
0
0
17.8
0
15.3
0
27.7
0
23.6
0
0
0
0
10.3
46.5
0
file
0
0
19.6
0
41.5
18.6
12.9
11.8
16.7
0
9.97
0
27.1
0
10.4
63.7
32.8
63.7
0
61.2
0
16.6
0
0
0
0
0
0
0
0
0
0
0
0
0
0
0
0
0
149
141
111
100
38.3
56.2
62.5
6.77
18.9
28.8
12.9
78.1
34.0
34.7
97.1
20.0
35.6
22.0
39.2
35.0
35.6
24.1
16.4
50.2
44.0
57.8
32.0
56.2
16.1
94.4
40.8
0
0
17.2
66.3
101
87.0
70.9
65.4
102
28.2
0
14.3
75.8
100
96.2
31.8
12.4
0
0
0
115
94.4
60.6
123
71.9
84.8
103
41.7
70.0
108
123
120
84.1
53.2
52.7
111
147
130
72.0
69.4
94.4
99.3
80.6
13.3
28.8
23.6
48.9
62.1
0
63.3
24.2
49.1
53.7
43.1
20.2
57.8
66.2
59.5
0
26.7
20.5
42.2
12.2
29.9
18.7
9.59
11.7
41.7
49.3
23.1
32.6
60.3
14.5
64.5
0
99.0
113
119
86.6
151
60.6
0
27.0
25.1
34.4
23.2
116
17.9
46.2
9.01
25.6
37.8
7.65
52.4
34.8
29.3
0
0
10.3
7.65
42.7
0
0
file
132
0
118
117
0
0
0
0
0
0
0
0
28.5
60.3
99.0
150
138
62.9
65.8
78.1
33.6
48.1
53.5
62.5
99.1
47.7
14.3
0
6.92
27.3
39.2
49.5
56.9
89.4
85.5
104
103
57.2
112
114
109
96.2
91.8
110
95.3
26.6
139
39.9
74.7
51.6
34.7
58.9
53.2
62.1
55.3
53.8
112
111
112
67.2
66.2
90.1
105
64.6
77.0
12.6
42.0
0
44.2
27.6
54.1
36.9
22.9
56.1
19.8
27.6
24.6
58.8
38.0
20.8
17.8
60.9
29.9
68.5
59.9
51.3
70.0
51.3
36.6
30.5
38.8
14.9
29.6
35.4
25.3
35.7
38.2
36.2
36.5
37.3
33.9
21.3
32.4
34.4
32.1
42.7
38.0
40.2
18.1
35.8
22.8
36.1
33.9
24.8
42.0
34.2
22.9
32.8
32.4
35.8
32.4
29.8
64.1
50.3
41.5
40.8
16.6
8.38
10.9
11.3
21.2
21.3
32.0
20.7
14.2
10.9
9.10
32.4
9.30
13.2
0
0
0
0
0
0
0
0
0
0
0
0
0
0
0
0
0
0
0
0
0
0
0
0
0
0
0
12.0
0
0
0
0
21.8
file
0
0
0
0
0
0
0
0
0
0
0
0
0
0
0
0
0
0
0
0
8.50
39.9
0
file
0
file
0
0
0
10.0
9.34
file
0
5.72
10.9
file
0
0
file
0
8.32
0
5.68
file
0
file
0
0
0
0
0
0
0
0
0
file
0
0
0
0
0
0
0
0
20.8
18.3
file
0
0
0
file
0
17.0
0
9.11
11.7
6.60
0
0
0
0
0
0
0
0
0
0
0
0
0
0
0
0
0
0
0
0
0
0
0
0
0
0
0
0
0
0
25.1
81.3
128
110
89.3
129
42.4
11.7
49.3
60.6
36.0
25.1
45.3
25.7
15.8
59.3
91.9
26.9
28.0
65.4
35.3
102
69.5
92.0
20.9
41.3
65.8
24.0
164
152
36.0
30.6
100
46.3
29.9
55.3
9.94
29.0
0
0
0
file
0
29.0
67.6
55.6
130
120
139
75.7
95.3
112
26.7
25.2
26.8
43.5
38.9
95.3
87.1
114
143
63.2
125
104
61.4
84.1
145
115
44.4
83.3
161
117
31.2
61.4
89.3
109
139
54.1
59.6
13.7
38.2
156
145
145
92.6
159
106
32.3
67.1
30.4
100
52.4
39.3
63.3
65.4
58.8
101
109
125
177
161
155
141
143
168
139
122
132
21.2
31.4
63.3
18.1
80.0
76.4
82.6
91.8
66.7
83.2
74.6
78.2
84.8
75.6
68.8
81.3
90.9
41.5
42.7
13.0
31.6
0
0
25.2
45.0
23.5
40.3
31.1
