3.67
0
0
0
0
0
0
0
0
0
0
0
0
0
0
0
0
0
0
0
0
0
0
0
0
0
0
0
0
0
0
0
0
0
0
0
0
0
0
0
0
0
0
0
0
0
0
0
0
0
0
0
0
0
0
0
0
0
0
0
0
0
0
0
0
0
0
0
0
0
0
0
0
0
0
0
0
0
0
0
0
0
0
0
0
0
0
0
0
0
0
0
0
0
0
0
0
0
0
0
0
0
0
0
0
0
0
0
0
0
0
0
0
0

0
0
0
0
0
0
0
0
0
0
0
0
0
0
0
0
0
0
0
0
0
0
0
0
0
0
0
0
0
0
0
0
0
0
0
0
0
0
0
0
0
0
0
0
0
0
0
0
0
0
0
0
0
0
0
0
0
0
0
0
0
0
0
0
0
0
0
0
0
0
0
0
0
0
0
0
0
0
0
0
0
0
0
0
0
0
0
0
0
0
0
0
0
0
0
0
0
0
0
0
0
0
0
0
0
0
0
0
0
0
0
0
0
0
0
0
0
0
0
0
0
0
0
0
0
0
0
0
0
0
0
0
0
0
0
0
0
0
0
0
0
0
0
0
0
0
0
0
0
0
0
0
0
0
0
0
0
0
0
0
0
0
0
0
0
0
0
0
0
0
0
0
0
0
0
0
0
0
0
0
0
0
0
0
0
0
0
0
0
0
0
0
0
0
0
0
0
0
0
0
0

0
0
0
0
0
0
0
0
0
0
0
0
0
0
0
0
0
0
0
0
0
0
0
0
0
0
0
0
0
0
0
0
0
0
0
0
0
0
0
0
0
0
0
0
0
0
0
0

0
105
128
133
104
133
91.2
96.2
101
77.0

0
112
77.5
85.5
index.html 58.2
84.1
79.4
79.4
index.html 71.8
75.2
44.2
97.2
103
61.3
67.6
67.1
38.3

0
51.3
index.html 62.9
49.3
0
0
0
0
0
0
0
0
0
0
0
0
0
0
0
0
0
0
0
0
0
0
0
0
0
0
0
0
0
0
0
0
0
0
0
0
0
0
0
0
0
0
0
0
0
0
0
0
0
0
0
0
0
0
0
0
0
0
0
0
0
0
0
0
0
0
0
0
0
0
0
0
0
0
0
0
0
0
0
0
0
0
0
0
0
0
0
0
0
0
0
0
0
0
0
0
0
0
0
0
0
0
135
123
0
127
117
123
96.1
98.1
139
164
139
116
135
123
index.html 69.0
122
101
154
130
87.8
index.html 94.4
index.html 95.3
index.html 69.5
115
index.html 39.3
109
102
114
112
116
114
114
index.html 108
index.html 85.5
index.html 76.3
84.0
55.2
61.0
index.html 48.3
54.4
41.5
49.7
49.8
48.5
51.0
39.8
52.6
52.7
index.html 48.6
57.5
index.html 61.0
61.7
index.html 56.2
index.html 50.5
66.2
55.3
index.html 47.2
52.6
47.9
49.5
62.5
index.html 65.8
53.2
57.2
index.html 59.5
index.html 45.3
0
0
0
0
0
0
0
0
0
0
0
0
0
0
0
0
0
0
0
0
0
0
0
0
0
0
0
0
0
0
0
0
0
0
0
0
0
0
0
0
0
0
0
0
0
0
0
0
0
0
0
0
0
0
0
0
0
0
0
0
0
0
0
0
0
0
0
0
0
0
0
0
0
0
0
0
0
0
0
0
0
0
0
0
0
0
0
0
0
0
0
0
0
0
0
0
0
0
0
0
0
0
0
0
0
0
0
0

0

0
0
0
0

26.0
0
0
0
0
0
0
0
0
0
0
0
0
0
0
0
0
0
0
0
0
0
0
0
0
0
0

0
0
0

0
0
0
0
0

0
0
0
0
0
0
0
0
0

0
0
8.25

0
0
0
0
0
0
0
0
0
0
0
0
0
0
0
0
0
0
0
0
0
0
0
0
0
0
0
0
0
0
0
0
0
0
0
0
0
0
0
0
0
0
0
0
0
0
0
0
0
0
0
0
0
0
0
0
0
0
0
0
0
0
0
0
0
0
0
0
0
0
0
0
0
0
0
0
0
0
0
0
0
0
0
0
0
0
0
0
0
0
0
0
0
0
0
0
0
0
0
0
0
0
0
0
0
0
0
0
0
0
0
0
0
0
0
0
0
0
0
0
0
0
0
0
0
0
0
0
0
0
0
0
0
0
0

0
index.html.1 59.9
index.html.1 59.5
index.html.1 60.6
index.html.1 63.0
index.html.1 67.6
index.html.1 67.2
index.html.1 70.9
index.html.1 58.8
index.html.1 67.5
index.html.1 69.0
index.html.1 58.5
index.html.1 65.0
index.html.1 61.8
index.html.1 67.6
index.html.1 71.9
62.2
69.9
index.html.1 64.1
index.html.1 65.8
index.html.1 69.0
index.html.1 75.7
index.html.1 67.1
index.html.1 62.5
index.html.1 62.9
index.html.1 65.8
index.html.1 62.5
index.html.1 60.2
index.html.1 62.1
index.html.1 59.9
index.html.1 59.2
index.html.1 52.1
index.html.1 46.3
index.html.1 58.1
index.html.1 52.9
index.html.1 51.6
index.html.1 49.3
index.html.1 51.3
56.5
index.html.1 61.7
index.html.1 44.9
55.9
50.2
57.8
index.html.1 57.1
index.html.1 61.3
index.html.1 59.2
0
0
0
0
0
0
0
0
0
0
0
0
0
0
0
0
0
0
0
0
0
0
0
0
0
0
0
0
0
0
0
0
0
0
0
0
0
0
0
0
0
0
0
0
0
0
0
0
0
0
0
0
0
0
0
0
0
0
0
0
0
0
0
0
0
0
0
0
0
0
0
0
0
0
0
0
0
0
0
0
0
0
0
0
0
0
0
0
0
0
0
0
0
0
0
0
0
0
0
0
0
0
0
0
0
0
0
0
0
0
0
0
0
0
0
0
0
0
0
0
0
0
0
0
0
0
0
0
0
0
0
0
0
0
0
0
0
0
0
0
0
0
0
57.6
48.5
file
0
0
0
44.9
file
0
0
0
0
file
0
0
0
0
0
file
0
0
0
0
0
0
0
0
0
0
0
0
0
0
0
0
0
0
0
0
0
0
0
0
0
0
0
0
0
0
0
0
0
0
0
0
0
0
0
0
0
0
0
0
0
0
0
0
0
0
0
0
0
0
0
0
0
0
0
0
0
0
0
0
0
0
0
0
0
0
0
0
0
0
0
0
0
0
0
0
0
0
0
0
0
0
0
0
0
0
0
0
0
0
0
0
0
0
0
0
0
0
0
0
0
0
0
0
0
0
0
0
0
0
0
0
0
0
0
0
0
0
0
0
0
0
0
0
0
0
0
0
0
0
0
0
0
0
0
0
0
0
0
0
0
0
0
0
0
0
0
0
0
0
0
0
0
0
0
0
0
0
0
0
0
0
0
0
0
0
0
0
0
0
0
0
0
0
0
0
0
0
0
0
0
0
0
0
0
0
0
0
0
0
0
0
0
0
0
0
0
0
0
0
0
0
0
0
0
0
0
0
0
0
0
0
0
0
0
0
0
0
0
0
0
0
0
0
0
0
0
0
0
0
0
0
0
0
0
0
0
0
0
0
0
0
0
0
0
0
0
0
0
0
0
0
0
0
0
0
0
0
0
0
0
0
0
0
0
0
0
0
0
0
0
0
0
0
0
0
0
0
0
0
0
0
0
0
0
0
0
0
0
0
0
0
0
0
0
0
0
0
0
0
0
0
0
0
0
0
0
0
0
0
0
0
0
0
0
0
0
0
0
0
0
0
0
0
0
0
0
0
0
0
0
0
0
0
0
0
0
0
0
0
0
0
0
0
0
0
0
0
0
0
0
0
0
0
0
0
0
0
0
0
0
0
0
0
0
0
0
0
0
0
0
0
0
0
0
0
0
0
0
0
0
0
0
0
0
0
0
0
0
0
0
0
0
0
0
0
0
0
0
0
0
0
0
0
0
0
0
0
0
0
0
0
0
0
0
0
0
0
0
0
0
0
0
0
0
0
0
0
0
0
0
0
0
0
0
0
0
0
0
0
0
0
0
0
0
0
0
0
0
0
0
0
0
0
0
0
0
0
0
0
0
0
0
0
0
0
0
0
0
0
0
0
0
0
0
0
0
0
0
0
0
0
0
0
0
0
0
0
0
0
0
0
0
0
0
0
0
0
0
0
0
0
0
0
0
0
0
0
0
0
0
0
0
0
0
0
0
0
0
0
0
0
0
0
0
0
0
0
0
0
0
0
0
0
0
0
0
0
0
0
0
0
0
0
0
0
0
0
0
0
0
0
0
0
0
0
0
0
0
0
0
0
0
0
0
0
0
0
0
0
0
0
0
0
0
0
0
0
0
0
0
0
0
0
0
0
0
0
0
0
0
0
0
0
0
0
0
0
0
0
0
0
0
0
0
0
0
0
0
0
0
0
0
0
0
0
0
0
0
0
0
0
0
0
0
0
0
0
0
0
0
0
0
0
0
0
0
0
0
0
0
0
0
0
0
0
0
0
0
0
0
0
0
0
0
0
0
0
0
0
0
0
0
0
0
0
0
0
0
0
0
0
0
0
0
0
0
0
0
0
0
0
0
0
0
0
0
0
0
0
0
0
0
0
0
0
0
0
0
0
0
0
0
0
0
0
0
0
0
0
0
0
0
0
0
0
0
0
0
0
0
0
0
0
0
0
0
0
0
0
0
0
0
0
0
0
0
0
0
0
0
0
0
0
0
0
0
0
0
0
0
0
0
0
0
0
0
0
0
0
0
0
0
0
0
0
0
0
0
0
0
0
0
0
0
0
0
0
0
0
0
0
0
0
0
0
0
0
0
0
0
0
0
0
0
0
0
0
0
0
0
0
0
0
0
0
0
0
0
0
0
file
0
0
0
0
0
0
0
0
0
0
0
0
0
0
0
0
0
0
0
0
0
0
0
0
0
0
0
0
0
0
0
0
0
0
0
0
0
0
0
0
0
0
0
0
0
0
0
0
0
0
0
0
0
0
0
0
0
0
0
0
0
0
0
0
0
0
0
0
0
0
0
0
0
0
0
0
0
0
0
0
0
0
0
0
0
0
0
0
0
0
0
0
0
0
0
0
0
0
0
0
0
0
0
0
0
62.1
54.7
57.5
55.4
file
0
0
60.7
56.2
64.1
57.1
52.7
63.7
56.9
57.5
57.2
54.7
56.8
54.7
52.7
55.0
52.7
52.0
53.5
58.5
52.7
52.4
48.3
file
0
file
0
48.6
46.1
54.9
52.1
55.9
55.2
62.5
53.2
file
0
0
file
0
0
51.6
51.3
51.6
58.8
53.5
62.5
0
0
0
0
0
0
0
0
0
0
0
0
0
0
0
0
0
0
0
0
0
0
0
0
0
0
0
0
0
0
0
0
0
0
0
0
0
0
0
0
0
0
0
0
0
0
0
0
0
0
0
0
0
0
0
0
0
0
0
0
0
0
0
0
0
0
0
0
0
0
0
0
0
0
548
file
0
0
0
3.67
0
4.60
0
0
0
0
0
0
0
0
0
0
0
0
0
0
0
0
0
0
0
0
0
0
0
0
39.2
file
0
0
0
0
0
0
0
0
0
0
0
0
0
0
0
0
0
0
0
0
0
0
0
0
0
0
0
0
0
0
0
0
0
0
0
0
0
0
0
0
0
0
0
0
0
0
0
0
0
0
0
0
0
0
0
0
0
0
0
0
0
0
0
0
0
0
0
0
0
0
94.2
107
111
84.0
121
96.8
106
101
73.0
121
109
111
103
127
106
44.0
82.7
74.1
64.5
111
119
133
106
66.3
130
114
116
110
97.0
87.0
106
110
110
99.0
97.4
94.4
105
117
109
97.0
74.0
file
0
130
123
128
122
130
83.3
104
120
74.6
80.0
143
122
114
88.5
121
93.5
102
94.8
118
122
106
102
109
101
51.3
65.0
108
126
92.6
115
120
103
108
74.7
114
127
83.3
104
102
110
101
115
87.0
115
108
122
118
106
file
0
0
0
74.6
99.0
106
102
83.4
112
56.2
102
72.9
89.4
110
125
112
118
100
90.0
110
67.1
107
99.1
75.8
file
0
107
98.0
90.0
130
128
128
125
110
99.8
121
96.0
file
0
0
78.8
104
77.5
100
76.3
55.6
58.2
file
0
0
68.0
88.5
119
115
125
78.6
114
84.1
122
84.7
102
97.0
82.6
115
120
83.3
76.4
48.8
66.1
103
70.3
113
116
74.6
91.7
99.0
80.7
82.6
80.9
105
125
124
115
114
106
100
125
105
116
97.1
107
114
116
118
132
110
108
file
0
119
116
88.4
70.9
107
118
135
118
85.5
95.3
112
117
122
80.6
108
112
149
102
122
116
79.4
66.7
85.5
104
133
122
128
90.1
43.1
92.7
112
93.4
104
89.2
97.1
115
91.0
72.2
file
0
78.0
82.6
105
130
126
122
92.7
125
104
121
95.1
112
111
111
125
89.3
104
82.5
75.7
92.6
57.8
86.2
87.0
99.1
99.0
91.6
124
124
125
185
110
47.2
file
0
0
0
67.6
49.3
108
58.5
69.5
51.6
42.0
file
0
61.8
72.3
69.5
89.3
97.1
94.3
83.3
50.0
56.2
59.5
64.9
38.5
39.8
38.5
39.4
38.0
53.4
60.3
70.9
51.3
56.2
56.8
61.0
62.1
50.8
61.7
61.0
57.1
file
0
50.8
61.7
70.5
40.8
70.4
36.1
57.2
66.4
49.5
38.9
43.1
42.7
file
0
54.1
48.5
file
0
47.8
42.6
52.4
file
0
file
0
file
0
41.7
41.9
38.9
file
0
39.5
43.7
43.1
41.0
37.6
49.5
62.0
64.9
49.5
48.6
52.9
42.6
61.4
61.0
56.2
52.1
59.2
44.4
65.0
file
0
0
0
0
52.7
64.6
60.6
72.5
127
82.1
file
0
0
0
0
70.9
46.5
84.7
91.8
38.0
file
0
0
0
0
0
47.9
55.6
0
82.0
76.4
71.4
54.1
48.1
47.6
71.4
46.5
58.5
66.3
65.0
58.2
38.6
51.6
49.8
68.4
72.0
45.1
64.1
65.8
78.1
64.5
48.3
56.9
60.6
66.3
file
0
0
65.4
52.1
64.1
70.9
43.4
61.4
file
0
file
0
62.6
66.7
69.5
73.6
69.5
72.0
73.6
49.5
file
0
62.9
81.3
84.8
64.9
67.6
52.6
file
0
61.0
73.5
72.9
78.2
67.2
87.0
61.4
43.3
71.5
84.1
82.0
87.7
79.3
68.5
41.0
63.3
77.5
76.4
73.0
72.0
69.5
59.9
file
0
81.3
82.0
72.5
58.8
71.5
file
0
67.5
94.4
77.6
63.3
68.3
76.4
80.1
file
0
73.0
60.3
65.0
75.3
73.0
72.0
48.5
46.5
65.4
91.8
90.2
93.5
90.1
73.6
51.3
67.1
91.8
56.2
49.3
41.2
41.3
70.0
49.0
54.4
54.9
76.5
90.1
88.7
86.7
65.4
79.3
79.4
80.0
51.8
69.5
86.9
87.0
97.2
90.1
45.3
44.9
file
0
70.0
62.1
74.6
82.0
file
0
0
0
68.0
82.7
75.8
67.6
file
0
128
135
135
145
49.3
47.0
file
0
91.0
106
109
100
80.0
66.7
69.4
116
99.0
100
118
87.7
90.1
94.6
94.6
104
78.8
63.3
66.7
90.1
87.0
file
0
64.5
70.4
77.6
94.4
85.5
100
78.2
81.3
86.3
75.2
68.1
80.0
87.7
91.8
87.7
file
0
50.8
59.9
57.8
61.4
63.9
51.3
71.4
61.7
71.4
73.6
67.1
52.9
73.5
45.3
53.2
79.3
64.5
53.2
57.2
51.0
56.8
62.5
45.5
58.5
72.5
68.0
81.4
63.3
37.7
54.1
60.6
70.4
78.0
82.0
75.8
83.3
96.2
82.7
66.7
82.0
75.2
87.8
83.3
77.0
73.6
40.0
56.5
67.2
66.7
80.7
46.3
48.6
81.3
68.1
71.9
74.6
74.7

0
0
69.5
81.3
98.2
62.5
84.8
72.0
file
0
47.9
62.1
66.3
64.1
62.5
72.5
68.1
23.6
0
0
0
71.3
71.5
67.1
104
76.9
62.1
47.9
80.6
66.2
44.8
64.2
58.5
0
0
76.4
62.1
65.0
62.1
70.6
61.7
52.4
65.4
57.2
file
0
0
40.3
62.7
49.0
91.8
90.1
93.5
35.8
0
0
49.3
64.5
80.7
64.1
file
0
43.1
49.8
69.0
68.2
76.9
83.4
65.8
file
0
0
0
89.4
90.0
61.3
45.9
58.1
53.2
0
0
0
0
0
0
0
0
0
0
0
0
0
0
0
0
0
0
0
0
0
0
0
0
0
0
0
0
0
0
0
0
0
0
0
0
0
0
0
0
0
0
0
0
0
0
0
0
0
0
0
0
0
0
0
0
0
0
0
0
0
0
0
0
0
0
0
0
0
0
0
0
0
0
0
0
0
0
0
0
0
0
0
0
0
0
0
0
0
0
0
0
0
0
0
0
0
0
0
0
0
0
0
0
0
0
0
0
0
0
0
0
0
0
0
0
0
0
0
0
0
0
0
0
0
0
0
0
0
0
0
0
0
0
0
0
0
0
0
0
0
0
0
0
0
0
0
0
0
0
0
0
0
0
0
0
0
0
0
0
0
0
0
0
0
0
0
0
0
0
0
0
0
0
0
0
0
0
0
0
0
0
0
0
0
0
0
0
0
0
0
0
0
0
0
0
0
0
0
0
0
0
0
0
0
0
0
0
0
0
0
0
0
0
0
0
0
0
0
0
0
0
0
0
0
0
0
0
0
0
0
0
0
0
0
0
0
0
0
0
0
0
0
0
0
0
0
0
0
0
0
0
0
0
0
0
0
0
0
0
0
0
0
0
0
0
0
0
0
0
0
0
0
0
0
0
0
0
0
0
0
0
0
0
0
0
0
0
0
0
0
0
0
0
0
0
0
0
0
0
0
0
0
0
0
0
0
0
0
0
0
0
0
0
0
0
0
0
0
0
0
0
0
0
0
0
0
0
0
0
0
0
0
0
0
0
0
0
0
0
0
0
0
0
0
0
0
0
0
0
0
0
0
0
0
0
0
0
0
0
0
0
0
0
0
0
0
0
0
0
0
0
0
0
0
0
0
0
0
0
0
0
0
0
0
0
0
0
0
0
0
0
0
0
0
0
0
0
0
0
0
0
0
0
0
0
0
0
0
0
0
0
0
0
0
0
0
0
0
0
0
0
0
0
0
0
0
0
0
0
0
0
0
0
0
0
0
0
0
0
0
0
0
0
0
0
0
0
0
0
0
0
0
0
0
0
0
0
0
0
0
0
0
0
0
0
0
0
0
0
0
0
0
0
0
0
0
0
0
0
0
0
0
0
0
0
0
0
0
0
0
0
0
0
0
0
0
0
0
0
0
0
0
0
0
0
0
0
0
0
0
0
0
0
0
0
0
0
0
0
0
0
0
0
0
0
0
0
0
0
0
0
0
0
0
0
0
0
0
0
0
0
0
0
0
0
0
0
0
0
0
0
0
0
0
0
0
0
0
0
0
0
0
0
0
0
0
0
0
0
0
0
0
0
0
0
0
0
0
0
0
0
0
0
0
0
0
0
0
0
0
0
0
0
0
0
0
0
0
0
0
0
0
0
0
0
0
0
0
0
0
0
0
0
0
0
0
0
0
0
0
0
0
0
0
0
0
0
0
0
0
0
0
0
0
0
0
0
0
0
0
0
0
0
0
0
0
0
0
0
0
0
0
0
0
0
0
0
0
0
0
0
0
0
0
0
0
0
0
0
0
0
0
0
0
0
0
0
0
0
0
0
0
0
0
0
0
0
0
0
0
0
0
0
0
0
0
0
0
0
0
0
0
0
0
0
0
0
0
0
0
0
0
0
0
0
0
0
0
0
0
0
0
0
0
0
0
0
0
0
0
0
0
0
0
0
0
0
0
0
0
0
0
0
0
0
0
0
0
0
0
0
0
0
0
0
0
0
0
0
0
0
0
0
0
0
0
0
0
0
0
0
0
0
0
0
0
0
0
0
0
0
0
0
0
0
0
0
0
0
0
0
0
0
0
0
0
0
0
0
0
0
0
0
0
0
0
0
0
0
0
0
0
0
0
0
0
0
0
0
0
0
0
0
0
0
0
0
0
0
0
0
0
0
0
0
0
0
0
0
0
0
0
0
0
0
0
0
0
0
0
0
0
0
0
0
0
0
0
0
0
0
0
0
0
0
0
0
0
0
0
0
0
0
0
0
0
0
0
0
0
0
0
0
0
0
0
0
0
0
0
0
0
0
0
0
0
0
0
0
0
0
0
0
0
0
0
0
0
0
0
0
0
0
0
0
0
0
0
0
0
0
0
0
0
0
0
0
0
0
0
0
0
0
0
0
0
0
0
0
0
0
0
0
0
0
0
0
0
0
0
0
0
0
0
0
0
0
0
0
0
0
0
0
0
0
0
0
0
0
0
0
0
0
0
0
0
0
0
0
0
0
0
0
0
0
0
0
0
0
0
0
0
0
0
0
0
0
0
0
0
0
0
0
0
0
0
0
0
0
0
0
0
0
0
0
0
0
0
0
0
0
0
0
0
0
0
0
0
0
0
0
0
0
0
0
0
0
0
0
0
0
0
0
0
0
0
0
0
0
0
0
0
0
0
0
0
0
0
0
0
0
0
0
0
0
0
0
0
0
0
0
0
0
0
0
0
0
0
0
0
0
0
0
0
0
0
0
0
0
0
0
0
0
0
0
0
0
0
0
0
0
0
0
0
0
0
0
0
0
0
0
0
0
0
0
0
0
0
0
0
0
0
0
0
0
0
0
0
0
0
0
0
0
0
0
0
0
0
0
0
0
0
0
0
0
0
0
0
0
0
0
0
0
0
0
0
0
0
0
0
0
0
0
0
0
0
0
0
0
0
0
0
0
0
0
0
0
0
0
0
0
0
0
0
0
0
0
0
0
0
0
0
0
0
0
0
0
0
0
0
0
0
0
0
0
0
0
0
0
0
0
0
0
0
0
0
0
0
0
0
0
0
0
0
0
0
0
0
0
0
0
0
0
0
0
0
0
0
0
0
0
0
0
0
0
0
0
0
0
0
0
0
0
0
0
0
0
0
0
0
0
0
0
0
0
0
0
0
0
0
0
0
0
0
0
0
0
0
0
0
0
0
0
0
0
0
0
0
0
0
0
0
0
0
0
0
0
0
0
0
0
0
0
0
0
0
0
0
0
0
0
0
0
0
0
0
0
0
0
0
0
0
0
0
0
0
0
0
0
0
0
0
0
0
0
0
0
0
0
0
0
0
0
0
0
0
0
0
0
0
0
0
0
0
0
0
0
0
0
0
0
0
0
0
0
0
0
0
0
0
0
0
0
0
0
0
0
0
0
0
0
0
0
0
0
0
0
0
0
0
0
0
0
0
0
0
0
0
0
0
0
0
0
0
0
0
0
0
0
0
0
0
0
0
0
0
0
0
0
0
0
0
0
0
0
0
0
0
0
0
0
0
0
0
0
0
0
0
0
0
0
0
0
0
0
0
0
0
0
0
0
0
0
0
0
0
0
0
0
0
0
0
0
0
0
62.5
file
0
0
0
file
0
file
0
48.1
43.3
file
0
0
0
38.8
file
0
0
0
39.9
43.5
file
0
0
file
0
0
file
0
file
0
43.7
42.9
42.4
39.8
file
0
0
file
0
0
50.0
44.3
44.6
file
0
39.4
40.8
40.7
50.2
42.9
file
0
file
0
41.0
52.1
file
0
38.2
file
0
0
0
file
0
45.3
46.1
44.9
43.3
37.5
0
50.6
56.9
43.7
52.8
file
0
48.8
file
0
0
0
file
0
0
file
0
file
0
0
0
0
46.6
46.3
file
0
0
0
0
0
0
0
0
0
0
0
0
0
0
0
0
0
0
0
0
0
0
0
0
0
0
0
0
0
0
0
0
0
0
0
0
0
0
0
0
0
0
0
0
0
0
0
0
0
0
0
0
0
0
0
0
0
0
0
0
0
0
0
0
0
0
0
0
0
0
0
0
0
0
0
0
0
0
0
0
0
0
0
0
0
0
0
0
0
0
0
0
43.3
41.7
49.3
22.9
0
0
file
0
0
0
0
0
0
0
0
0
0
0
0
0
0
0
0
0
0
0
0
0
0
0
0
0
0
0
0
0
0
0
0
0
56.5
file
0
0
0
0
0
0
0
0
0
0
0
0
0
0
0
0
0
0
0
0
0
0
73.6
54.1 73.6
52.6
78.2
0
0
0
0
0
0
0
0
0
0
0
0
0
0
0
0
0
0
0
0
0
0
0
0
0
0
0
0
0
0
0
0
0
0
0
0
0
0
0
0
0
0
0
0
0
0
0
0
0
0
0
0
0
0
0
0
0
0
0
0
0
0
0
0
0
0
0
0
0
0
0
0
0
0
0
0
0
0
0
0
0
0
0
0
0
0
0
0
0
0
0
0
0
0
0
0
0
0
0
0
0
0
0
0
0
0
0
0
0
0
0
0
0
0
0
0
0
0
0
0
0
37.1
0
0
0
0
0
0
0
0
0
0
0
197
198
279
file
27.9
39.2
76.1
9.45
113
625
436
618
125
131
238
256
445
414
337
823
263
file
file
file
file
121
147
116
132
116
71.6
117
108
100
1.56
218
161
200
314
161
152
159
159
63.7
233
239
133
222
176
33.8
96.2
100
93.5
118
110
92.6
78.2
141
110
100
0
0
0
0
0
127
97.9
114
46.7
80.7
39.7
26.4
52.1
0
0
0
0
0
0
0
0
104
0
0
0
0
0
0
0
0
0
0
0
0
0
0
0
0
0
6.43
0
278
149
277
236
169
189
114
61.8
112
103
98.1
182
62.5
98.1
94.3
161
170
218
271
108
0
0
0
141
200
143
157
94.4
139
149
169
101
50.3
137
62.5
27.1
92.6
122
45.0
169
170
62.5
164
0
0
0
0
0
0
145
156
53.2
161
0
156
0
0
0
0
0
0
0
0
0
0
0
0
0
58.1
62.5
73.7
65.0
66.3
70.0
60.6
62.5
0
0
0
0
7.06
0
0
0
55.9
58.1
65.8
21.7
61.3
24.3
0
0
0
0
0
0
0
0
0
0
0
0
0
0
0
0
15.7
61.7
91.0
78.6
0
0
0
0
0
0
0
0
0
0
0
0
0
0
0
0
0
0
0
84.1
46.7
72.0
73.0
84.1
0
68.5
62.9
76.4
45.3
61.7
54.9
67.6
70.9
67.1
73.1
55.0
54.0
57.5
51.3
47.6
54.6
62.8
73.5
69.9
71.9
45.6
55.0
29.7
62.9
0
0
0
0
0
0
0
87.7
58.5
73.0
75.7
77.6
71.5
52.9
44.9
0
0
0
0
0
67.6
61.3
61.0
59.9
0
0
0
0
0
0
0
0
0
0
0
0
0
0
0
0
0
0
0
0
0
0
0
0
0
0
0
0
0
0
0
0
0
0
0
0
0
0
0
0
0
0
0
0
0
0
0
28.3
26.7
28.4
27.9
30.8
27.9
26.5
27.5
26.4
27.8
27.9
26.7
51.3
26.7
41.9
27.9
28.5
27.9
31.5
27.9
26.7
27.9
26.7
35.6
27.9
27.8
26.7
27.5
26.7
27.9
11.6
26.0
26.6
26.7
27.9
27.9
27.9
30.1
26.3
27.0
28.5
26.6
27.9
27.7
26.7
26.5
26.7
26.7
25.1
27.3
26.6
26.7
28.2
26.7
26.7
28.8
26.7
26.7
0
92.7
139
68.1
124
128
0
0
44.9
44.5
44.5
51.0
43.7
40.5
40.3
0
0
0
0
0
0
0
0
0
0
0
71.9
68.0
73.0
59.9
54.4
51.7
57.8
53.8
47.2
25.6
32.0
40.4
39.2
39.1
37.3
24.6
29.5
40.0
31.1
37.6
35.1
34.8
36.9
34.6
0
31.1
36.2
36.5
36.2
24.0
0
0
0
0
0
0
0
0
0
0
0
0
0
0
0
0
0
0
0
0
0
0
0
0
0
0
0
0
0
0
0
0
0
128
149
156
123
104
123
92.7
78.1
132
121
78.8
127
116
149
103
123
132
112
127
69.5
110
77.6
141
105
38.5
76.5
77.5
50.2
84.8
143
133
135
121
118
141
86.2
127
125
118
139
135
103
116
152
154
167
141
132
152
152
147
132
97.9
102
124
115
135
80.0
78.1
109
109
100
79.4
41.3
145
105
135
141
130
35.1
103
110
133
122
139
147
143
132
133
65.4
79.4
26.3
0
0
0
0
0
0
0
0
0
0
0
0
0
0
0
0
0
0
0
0
0
0
0
0
0
0
0
0
0
0
0
0
0
0
0
0
0
0
0
0
0
0
0
0
0
0
0
0
0
0
0
0
0
0
0
0
0
0
0
0
0
0
0
0
0
0
0
0
0
0
0
0
0
0
0
0
0
0
0
0
0
0
0
0
0
0
0
0
118
104
56.5
88.5
2.53
0
0
0
0
6.72
0
file
0
0
0
0
0
0
0
0
0
0
0
0
0
0
0
0
0
0
0
0
0
0
0
7.08
0
0
0
0
0
0
0
0
0
0
0
0
0
0
0
0
0
0
0
0
0
0
30.5
32.2
33.8
30.3
29.1
34.5
34.8
34.1
31.9
35.0
34.3
34.1
33.1
30.3
31.4
26.1
25.7
36.8
61.0
29.9
56.2
54.0
56.9
53.5
56.9
53.7
36.0
56.8
48.8
57.0
54.1
57.8
57.8
59.9
0
0
0
0
0
0
0
0
0
0
0
0
0
0
0
0
0
0
56.8
48.1
50.8
56.8
55.8
53.2
53.5
53.8
55.8
18.5
26.0
36.6
37.0
36.8
34.2
31.2
38.0
31.7
36.9
37.5
36.0
32.4
36.5
34.2
36.5
33.5
38.5
37.9
49.5
46.9
47.4
66.2
58.9
52.1
55.3
63.7
55.9
52.9
59.2
56.2
49.5
56.2
57.5
63.7
55.5
60.9
48.1
43.3
59.2
57.5
49.0
53.8
50.5
53.2
55.0
50.0
55.6
0
0
0
0
0
0
67.5
65.4
56.2
56.5
57.5
63.3
57.5
59.2
52.1
68.0
57.8
56.5
56.5
54.9
67.6
54.4
52.1
60.6
66.6
62.9
57.2
55.6
64.1
58.1
70.4
58.1
55.9
62.9
51.8
49.3
57.2
55.6
55.9
69.9
69.0
59.5
58.8
59.9
66.7
68.1
58.1
71.4
62.5
57.5
57.5
57.2
66.7
57.5
58.9
68.5
57.5
59.2
65.4
56.8
65.0
69.0
64.2
64.5
69.9
65.9
67.6
58.5
55.6
57.1
70.0
60.3
58.5
45.4
67.6
56.5
65.3
58.2
65.8
56.5
58.2
67.6
65.4
59.2
66.2
58.9
71.0
65.4
58.8
58.5
67.5
67.1
66.7
65.8
69.4
57.8
68.0
68.0
69.0
58.8
67.1
66.6
57.8
67.1
57.1
67.5
54.3
67.1
59.9
58.2
71.0
57.8
61.4
47.6
56.8
56.2
40.8
57.8
0
0
0
0
0
0
0
0
0
0
0
0
0
0
0
0
0
0
0
0
0
0
0
0
0
0
0
0
0
0
0
0
0
0
0
0
0
0
0
0
0
0
0
0
0
0
0
0
0
0
0
0
0
0
0
0
0
47.4
53.2
68.1
73.0
66.8
70.0
66.3
67.7
70.0
36.1
58.8
69.0
70.4
121
167
179
189
145
154
172
122
116
91.7
82.7
84.0
92.6
48.5
65.8
79.4
65.0
63.7
66.7
60.6
63.7
69.0
72.0
65.4
66.7
49.8
67.6
63.7
69.0
67.1
72.0
70.9
192
141
189
196
166
134
192
189
167
172
164
80.7
79.4
68.6
82.0
80.1
73.6
67.2
69.5
71.5
72.0
52.7
65.8
66.3
51.0
68.0
70.0
74.7
69.5
69.5
72.0
67.5
69.0
186
167
196
175
176
176
189
175
159
164
176
156
197
170
185
189
156
167
154
59.2
61.4
69.0
77.5
67.1
75.3
71.5
69.0
74.1
0
0
0
0
0
0
0
0
0
0
0
0
0
0
0
0
0
0
0
0
0
0
0
0
0
0
0
0
0
0
0
0
0
0
0
0
0
0
0
0
0
0
0
0
0
0
0
0
0
0
0
0
0
0
0
0
0
0
0
0
0
0
143
173
127
56.8
89.2
113
72.2
112
175
168
176
119
111
72.5
95.3
49.3
93.5
101
120
175
150
189
56.8
0
0
0
0
0
0
118
132
133
0
0
0
0
0
0
0
0
0
0
3.11
3.01
2.50
3.29
3.15
3.83
3.47
4.14
4.11
2.62
2.44
3.34
3.80
3.22
3.14
3.81
4.21
3.92
2.91
2.67
4.71
4.60
4.21
82.0
3.21
4.24
2.76
1.90
2.44
3.23
2.91
3.44
580
3.93
47.5
3.91
3.75
4.18
1.88
1.85
2.05
2.16
1.79
2.11
1.82
1.87
2.08
1.77
1.87
1.95
1.83
1.97
64.1
4.33
3.17
3.02
3.03
3.20
2.94
2.39
3.17
3.18
3.85
2.89
2.59
4.61
115
2.66
2.99
2.94
3.06
3.90
3.76
3.61
3.43
3.22
3.22
4.74
3.47
4.06
47.5
1.93
4.29
116
2.80
3.87
3.49
3.75
3.42
47.5
4.82
3.12
4.41
4.17
2.32
3.14
3.04
52.5
3.24
94.0
2.61
2.97
3.18
3.27
2.65
3.61
3.23
52.4
3.05
3.18
4.51
573
4.41
2.89
3.79
3.35
2.89
3.50
3.86
3.08
4.80
567
3.62
47.5
2.76
141
1.63
2.40
4.28
4.20
2.57
3.05
3.59
4.18
1013
3.64
165
49.6
173
0
0
0
0
0
0
0
0
0
0
0
0
0
0
0
0
0
0
0
0
0
0
0
0
0
0
0
0
0
0
0
0
0
0
0
0
0
15.7
0
0
0
0
0
0
0
0
0
0
0
86.3
141
15.9
0
6.94
13.2
6.14
0
7.30
14.7
11.8
135
19.1
0
77.0
0
5.78
21.6
0
43.9
45.1
19.3
22.3
7.45
14.2
10.6
24.4
16.5
0
0
0
0
0
0
0
0
18.0
15.5
19.0
10.8
24.2
13.7
0
10.5
0
0
0
0
0
0
0
0
0
0
0
132
55.0
28.8
57.5
45.9
135
0
45.7
51.8
0
68.6
84.9
65.8
26.0
16.8
31.6
23.5
14.9
20.5
28.3
0
0
0
0
0
0
0
0
0
0
0
7.23
0
file
0
0
11.6
51.3
0
0
14.7
48.6
0
0
0
0
0
0
25.0
43.1
58.9
0
0
0
0
6.74
9.24
8.04
0
0
0
8.61
7.36
0
12.9
10.1
0
15.7
32.4
15.9
0
0
0
0
0
0
0
0
0
0
0
0
0
0
0
0
0
0
0
0
0
16.3
15.8
10.6
13.8
39.4
19.8
0
0
20.6
18.3
10.3
70.5
43.7
11.1
31.4
50.5
0
15.7
0
0
0
0
0
0
0
0
0
0
0
0
0
0
0
0
0
61.0
0
98.0
106
26.3
36.9
53.2
6.24
19.0
28.8
12.6
79.4
33.1
33.3
100
19.4
21.8
21.4
32.9
39.2
37.3
29.1
37.6
51.8
45.3
98.1
105
96.2
103
115
79.6
110
95.3
54.7
file
0
102
0
0
0
0
0
0
file
0
8.21
0
0
0
0
0
0
0
101
118
109
104
125
105
115
102
118
121
127
121
109
98.2
114
113
100
104
130
97.3
114
105
114
102
93.5
0
80.6
87.0
0
0
91.7
114
118
79.4
114
0
0
0
file
0
0
0
0
0
0
0
85.5
105
112
121
0
0
0
0
0
65.8
0
0
68.2
47.9
96.3
110
0
0
0
0
0
0
0
17.1
9.29
52.4
35.7
25.1
11.8
file
0
file
0
file
0
103
0
133
105
137
0
0
8.58
0
0
0
0
0
0
132
89.3
80.7
119
127
128
87.0
0
0
69.0
0
0
56.2
53.8
52.4
64.1
58.8
59.9
67.6
0
46.1
56.8
0
0
0
0
0
0
0
0
0
0
0
0
0
0
0
0
0
0
0
0
0
0
0
0
0
0
0
0
0
0
0
0
0
0
0
0
0
0
0
0
0
0
0
0
0
0
0
0
0
0
0
0
0
0
0
0
0
0
0
0
0
0
0
0
0
0
0
0
0
0
0
0
0
0
173
244
218
167
179
95.3
89.3
80.8
161
159
161
122
150
50.5
145
213
103
120
95.3
125
91.8
102
106
67.6
0
0
110
67.6
59.2
0
0
0
0
0
0
0
0
file
0
0
0
145
139
0
0
0
0
173
176
141
193
154
213
121
161
95.2
154
228
18.5
24.3
21.9
15.4
21.4
52.9
39.3
22.9
152
93.9
67.0
69.9
40.8
64.1
51.5
56.2
8.77
13.1
55.3
19.0
0
0
7.01
59.9
13.5
11.5
19.3
13.2
20.5
8.20
22.0
31.6
0
0
0
0
0
0
0
13.9
19.7
16.4
20.9
29.9
0
0
152
129
9.16
25.3
13.3
44.9
29.9
14.0
33.7
11.6
9.71
7.78
10.8
12.9
17.0
0
0
0
0
15.0
20.0
0
0
0
0
30.4
18.4
16.5
18.8
15.0
0
27.7
15.0
23.0
32.0
16.8
0
12.2
15.3
0
16.9
23.1
20.5
33.0
29.0
34.0
40.3
12.4
11.6
20.6
11.9
13.0
18.1
12.5
8.51
10.1
0
119
10.5
12.8
9.03
0
32.7
0
0
0
0
0
0
0
0
0
0
0
0
0
0
0
0
0
0
0
0
0
0
0
0
0
0
0
0
0
0
0
0
0
0
0
0
0
0
0
0
0
0
22.7
0
0
0
0
0
0
0
0
0
0
73.0
88.7
99.0
80.6
78.8
110
31.4
0
0
0
0
0
0
0
0
0
0
59.2
60.2
63.7
49.0
40.2
56.8
54.4
41.0
41.3
53.5
71.5
42.9
50.0
56.5
50.0
59.5
33.0
42.9
39.8
23.6
32.3
35.2
35.1
18.1
17.4
31.3
30.0
55.0
48.1
25.5
34.3
28.7
17.9
19.6
15.4
16.9
16.1
24.9
20.5
19.0
20.9
20.0
31.8
24.4
0
15.9
25.4
18.4
13.3
27.9
13.6
23.9
12.7
25.5
18.3
15.8
13.4
24.0
20.0
28.2
29.1
25.3
33.3
25.3
42.7
49.3
48.1
0
0
file
0
0
0
46.5
40.7
65.8
64.5
60.2
94.4
92.0
118
152
128
141
135
149
139
143
128
127
59.5
85.5
122
0
122
116
133
132
102
135
111
95.3
100
104
121
122
102
80.0
101
93.5
125
115
78.8
75.8
71.5
128
130
112
