132

0
128
87.7
118
111
116
109
114
114
114
86.2
63.7
106
113
107
115

0
0
0
137
index.html 109
110
72.9
99.1
116
112
115
74.1
115
102
66.7
58.2
71.5
74.7
70.9
69.3
96.2
80.3
90.2
68.0
87.7
128
112
67.6
116
109
130
139
139
138
133
125
125
145
128
143
119
139
47.9
87.8
139
132
121
90.1
64.5
89.3
96.2
123
99.1
106
114
106
114
115
index.html 112
65.4
85.1
105
104
128
index.html 128
127
98.1
116
61.8
index.html 110
121
139
132
119
index.html 139
115
141
0
0
0
0
0
0
0
index.html 128
index.html 145
141
123
126
143
132
135
126
108
108
index.html 93.5
132
96.2
91.8
0
0
0
0
0
0
0
0
0

0
0
0
0
0
0

0
0


0
0
0
0
0
0
0
0
0
0
0
0
0
0
0
0
0
0
0
0
0
0
0
0
0
0
0
0
0
0
0
0
0
0
0
0
0
0
0
0
0
0
0

0
0
0
0
0
0
0
0
0
0
0
0
0
0
0
0
0
0
0
0

0
0
0
0
0
0
0
0
0
0
0

0
114
99.1
122
index.html 104
92.1
80.1
102
104
97.1
122
106
123
128
154
135
index.html 133
127
index.html 116
index.html 133
64.6
index.html 54.6

0
0
0
111
128
132
index.html 143
137
145
147
137
120
122
114
index.html 134
139
137
110
132
102
80.0
133
130
120
107
132
132
100
index.html 128
108
96.2
83.4
18.8
0
0
index.html 64.5
121
125
137
127
152
130
130
133
149
122
143
125
94.4
130
115
149
143
141
145
152
123
145
145
145
128
index.html 137
index.html 114
index.html 99.3
84.1

0
0
0
0
147
145
145
133
149
index.html 143
141
150
143
139
137
133
135
index.html 143
159
139
154
143
124
141
128
125
101
110
118
128
92.5
135
128
index.html 132
125
104
125
135
133
130
130
132
125
121
143
127
index.html 128
119
94.4
153
142
133
121
126
128
133
120
130
125
116
index.html 96.2
135
115
130
110
143
index.html 115
118
104
112
83.3
80.7

0
0
0
0
0
0
0
0
0
index.html 68.5
index.html 73.7
45.1
index.html 51.1
index.html 65.4
156
156
130
149
156
90.1
169
0
0
0
0
0
0
0
0
0
0
0
0
156
149
145
149
141
142
128
125
156
135
0
0
0

0
0
0
0
137
114
137
index.html 130
117
128
130
index.html 121
133
index.html 122
109
123
141
135
121
115
130
132
64.5
0
0
0
0

0
150
index.html 106
119
106
121
123

0
0
0
0

0
123
128
128
112
127
110
103
98.0
99.0
106
98.1
103
101
92.6


0
107
96.1
103
index.html 94.4
103
index.html 101
index.html 105
105
104
99.1
104
0
0
0
0
0
0
0
0
0
0
0
0
0
0
0
0
0
0
0
0
0
0
0
0
0
0
0
104
159
145
161
0
0
0
0
0
0
0
127
179
156
index.html 155
154
index.html 145
154
172
164
159
149
156
149
137
130
156
113
135
87.8
90.0


0
133
84.7
111
93.5
105
87.0
97.3
81.3
85.5
98.1
104
115
110
112
63.3
75.2
index.html 69.0
172
index.html 123
156
128
86.0
125
130
index.html 149
120
123
130
139
index.html 141
59.9
index.html 122
109
82.0
110
61.0
127
139
121
index.html 133
145
index.html 57.2
143
156
71.5
151
145
151
106
141
125
74.6
130
133
112
113
116
index.html 92.6
112
130
120
139
165
154
132
116
132
index.html 119
95.2
76.9
60.6
119
index.html 76.4
index.html 74.7
67.1
100
index.html 73.1
99.0
124
111
101
index.html 90.9
103
123
115
82.0
index.html 55.9
75.2
92.6
65.4
98.8
index.html 74.1
index.html 70.9
50.5
103
90.1
118
77.6
127
71.4
50.0
61.0
135
114
105
105
74.1
112
index.html 84.0
index.html 110
83.4
112
118
99.0
83.4
91.6
127
133
102
110
115
108
75.2
111
119
123
143
104
112
99.1
77.5
119
118
105
125
104
47.8
106
103
index.html 49.3
101
92.6
94.4
127
98.1
111
107
139
108
141
130
111
125
120
54.4
98.1
128
80.0
115
57.8
149
index.html 117
124
103
130
132
132
141
106
154
159
167
154
149
147
162
169
139
175
132
135
154
167
130
152
175
159
145
139
137
115
149
132
132
84.8
130
87.1
127
108
121
133
132
156
149
115
147
106
109
139
111
133
85.5
87.8
index.html 54.1
118
130
123
130
115
index.html 51.8
82.0
107
87.0
89.3
80.4
116
89.3
123
108
119
111
135
125
127
120
116
90.1
0

0
0
145
143
index.html 131
93.4
108
100
index.html 54.4
index.html 52.9
111
81.3
85.5
96.2
127
128
132
84.8
67.1
96.2
122
137
135
122
105
84.8
116
114
108

0

0
0

0
0
0
0
0

0
63.7
56.3
61.4


0
0



0
0
0
0
0
0
0
0
0
0
0
0
index.html 21.5
130
164
139
137
122
128
111
109
index.html 103
108
110
110
105
110
index.html 110
112
112
74.6
87.8
107
106

0
121
index.html 132
index.html 116
110
136
137
137
128
132
index.html 139
127
133
117
135
122
130
125
130
139
115
index.html 125
124
125
index.html 141
120
137
132
143
139
110
120
105
162
137
122
115

0
0
102
137
151
115
143
143
139
137
109
132
143
154
127
159
index.html 175
152
106
index.html 133
130
133
127
139
124
118
108
131
135
index.html 75.3
121
114
94.4
135
133
133
139
141
index.html 135
91.8
139
0
0
111
119
0
0
0
0
0
0
0
0
0
0
0
0
0
0
0
0
0
0
0
0
0
0
0
0
0

0
132
127
141
141
82.6
150
122
133
123
109
87.8
128
139
122
119
118
125
121
137
152
133
159
127
index.html 118
141
96.2
125
122
88.7
141
135
154
147
128
147
152
125
139
88.5
119
103

0
116
85.5
98.0
76.9
110
141
112
141
143
159
147
169
151
156
161
159
130
154
156
115
125
132
122

0
0
127
139
91.7
125
149
147

0
130

0
0
0
0
0
120
118
0
0
0
0
110
156
0
139
121
87.1
0
0
0
0
0
0
90.9
49.8
159
65.9
149
151
91.0
141
index.html 21.0
0
0
0
0
0
49.8
39.2
51.3
43.7
51.6
51.3

0
0

0
0
0
0
0
index.html 51.3
51.3
index.html 51.3
51.3
50.5
51.0

0
0
51.3
50.5
50.3
51.3
51.6
51.0
51.5
51.3
index.html 51.5
50.8
50.8

0
0
0
0
0
0
0
0
0
0
index.html 51.0
51.3
51.3
51.6
index.html 51.3

0
0
0
0

0
0
51.3
index.html 51.6
index.html.1 51.6
51.3
index.html 51.0
51.3
51.4
51.0
51.6
0
0
0
0
0
0
0
0
0
0
51.0

0
0
0
0
0
0
0
0
0
0
0
0
0
0
0
0
0
0
0
0
0
0
0
0
0
0
0
0
0
0
0
0
0
0
0
0
index.html 51.6
0
0
0
0
0
0
0
0
0
0
1.14
2.87
3.45
4.60
4.79
3.81
index.html.1 3.47
5.03
4.91
3.83
5.65
3.51
5.15
3.48
4.39
4.72
0
4.42
3.44
3.70
index.html.1 5.05
index.html.1 6.05
index.html.1 4.33
4.08
index.html.1 4.77
2.84
4.52
4.62
index.html.1 4.07
3.87
5.47
5.29
4.33
3.60
index.html.1 4.53
index.html.1 4.57
3.99
4.09
5.08
1.39
3.97
3.64
3.91
4.45
index.html.1 587
4.28
index.html.1 990
index.html.1 4.57
index.html.1 3.98
3.19
3.61
3.02
3.21
index.html.1 3.12
index.html.1 176
3.61
4.09
3.48
index.html.1 4.51
3.32
3.70
3.68
2.93
3.84
4.67
3.72
4.01
index.html.1 6.34
4.01
3.27
3.86
index.html.1 3.42
4.52
3.83
3.46
3.78
4.93
3.78
4.34
5.72
index.html.1 5.96
4.83
index.html.1 571
5.68
3.22
3.90
3.94
3.86
4.22
index.html.1 4.11
5.72
4.23
4.64
index.html.1 3.93
3.93
4.87
3.46
3.64
index.html.1 4.80
index.html.1 4.42
index.html.1 5.45
5.03
4.06
4.77
5.43
3.89
index.html.1 5.03
4.08
index.html.1 4.89
3.64
3.24
index.html.1 3.88
index.html.1 3.88
index.html.1 4.84
index.html.1 5.18
4.40
3.94
4.16
index.html.1 3.82
3.66
589
index.html.1 4.68
3.74
index.html.1 5.10
580
5.13
3.75
3.29
index.html.1 4.85
index.html.1 5.06
4.08
4.21
3.52
3.58
5.61
3.81
3.36
4.51
index.html.1 5.14
4.87
4.22
3.81
3.64
3.98
3.51
index.html.1 5.20
3.68
4.21
index.html.1 4.69
index.html.1 4.51
index.html.1 4.76
index.html.1 4.27
4.59
3.70
4.78
5.12
4.06
index.html.1 4.88
index.html.1 4.16
3.90
4.06
5.55
3.74
56.9
4.61
index.html.1 5.17
index.html.1 4.17
index.html.1 5.12
3.75
4.14
index.html.1 4.78
index.html.1 5.40
index.html.1 4.27
index.html.1 5.35
3.19
5.36
3.98
4.07
4.55
index.html.1 5.04
3.76
3.68
4.14
2.65
index.html.1 586
index.html.1 5.29
index.html.1 3.65
4.83
index.html.1 592
4.31
index.html.1 3.35
index.html.1 5.34
4.27
5.39
index.html.1 3.76
4.61
4.49
4.93
4.03
3.85
4.83
4.63
3.41
4.76
4.33
index.html.1 3.69
5.54
index.html.1 4.28
4.07
4.70
3.80
4.59
4.01
3.53
3.75
4.85
index.html.1 591
3.90
4.06
3.08
index.html.1 4.32
index.html.1 4.80
index.html.1 5.39
index.html.1 4.11
index.html.1 5.27
index.html.1 5.15
3.65
3.79
3.72
index.html.1 3.46
4.32
index.html.1 4.26
3.81
index.html.1 5.14
4.45
6.01
index.html.1 4.60
2.42
3.49
4.06
4.41
index.html.1 3.76
3.08
4.04
3.37
4.16
index.html.1 4.28
3.75
4.63
3.77
index.html.1 4.71
index.html.1 4.90
index.html.1 3.78
4.28
3.88
index.html.1 584
index.html.1 4.67
5.33
3.48
55.7
3.45
4.80
index.html.1 3.37
index.html.1 4.51
index.html.1 4.51
4.38
5.33
3.82
4.70
5.04
index.html.1 582
index.html.1 3.88
index.html.1 5.56
4.92
index.html.1 223
index.html.1 4.96
index.html.1 5.32
5.33
5.74
5.24
4.97
index.html.1 4.47
3.92
3.74
3.66
index.html.1 571
4.04
index.html.1 588
3.85
577
index.html.1 5.44
4.13
index.html.1 5.80
4.38
4.16
4.02
2.88
4.50
3.59
4.23
index.html.1 4.34
5.53
index.html.1 5.36
index.html.1 4.43
5.49
4.05
5.09
3.84
4.12
4.08
index.html.1 4.95
index.html.1 3.77
3.56
5.36
5.05
4.15
57.0
index.html.1 150
4.49
579
3.65
5.57
4.54
3.28
index.html.1 4.15
4.22
index.html.1 4.59
3.36
2.88
4.47
index.html.1 4.71
3.40
4.27
3.38
3.73
3.61
5.35
index.html.1 3.90
5.97
52.4
4.35
4.83
3.50
3.97
index.html.1 4.77
3.29
3.79
4.23
4.65
4.10
4.09
index.html.1 2.83
4.43
5.66
3.84
index.html.1 3.92
index.html.1 5.93
4.09
3.23
index.html.1 4.05
4.95
3.85
4.36
4.18
4.75
0
index.html.1 4.83
4.19
index.html.1 2.97
2.90
2.97
3.90
3.91
3.60
3.82
3.57
index.html.1 1.92
index.html.1 3.55
3.90
3.21
4.23
index.html.1 3.49
3.59
4.76
3.86
index.html.1 564
4.51
4.01
4.05
3.95
index.html.1 4.15
index.html.1 3.80
4.01
3.29
index.html.1 3.97
3.39
4.17
3.69
index.html.1 3.83
4.06
5.64
4.73
6.06
4.40
4.94
4.44
index.html.1 4.35
index.html.1 5.96
index.html.1 4.83
6.33
3.94
5.85
3.77
index.html.1 3.04
3.39
4.71
4.67
index.html.1 5.71
index.html.1 4.76
4.54
4.87
4.83
3.45
4.06
5.50
4.61
95.6
5.71
index.html.1 4.71
index.html.1 4.72
index.html.1 4.51
3.99
4.86
3.53
4.89
index.html.1 3.73
3.63
3.44
4.44
4.84
3.86
4.42
3.57
index.html.1 4.95
4.21
3.37
4.20
4.27
4.14
index.html.1 5.42
5.35
index.html.1 4.34
index.html.1 5.80
4.45
4.86
index.html.1 3.67
3.79
4.25
4.13
4.84
4.40
5.15
3.82
4.58
index.html.1 5.58
index.html.1 5.84
index.html.1 5.00
5.82
index.html.1 4.79
4.08
4.58
3.99
index.html.1 4.14
4.34
4.08
4.49
324
0
0
index.html.1 5.97
index.html.1 5.15
index.html.1 5.00
index.html.1 3.63
index.html.1 5.11
index.html.1 5.58
4.91
5.67
3.19
3.74
4.00
4.99
4.44
3.59
3.51
3.87
index.html.1 4.64
index.html.1 5.67
index.html.1 4.06
4.34
index.html.1 5.01
4.71
4.71
index.html.1 5.20
2.89
index.html.1 2.78
4.14
4.90
4.63
6.07
5.54
4.57
index.html.1 5.45
index.html.1 2.91
3.69
3.85
3.24
3.41
3.80
5.61
4.47
82.7
index.html.1 4.16
64.2
4.07
4.17
4.11
4.42
4.76
4.72
index.html.1 3.85
3.95
4.15
4.00
595
3.71
583
3.95
index.html.1 587
4.86
index.html.1 5.12
5.10
5.31
4.05
4.15
3.62
index.html.1 5.71
5.57
4.09
4.36
5.20
index.html.1 5.29
3.59
4.03
5.37
index.html.1 5.24
index.html.1 4.00
index.html.1 3.54
3.65
4.63
3.25
3.65
4.00
4.33
3.67
4.67
index.html.1 4.01
index.html.1 3.97
index.html.1 4.60
index.html.1 4.48
index.html.1 4.75
4.95
index.html.1 4.29
3.77
index.html.1 4.48
3.99
572
3.88
index.html.1 586
index.html.1 4.73
585
index.html.1 5.20
3.67
index.html.1 556
index.html.1 5.48
index.html.1 4.79
4.54
index.html.1 592
index.html.1 6.07
index.html.1 4.64
5.23
3.85
4.06
4.37
4.22
5.91
4.73
4.72
5.63
4.44
4.52
4.29
4.13
index.html.1 582
4.22
4.27
index.html.1 5.22
4.36
5.40
5.40
4.28
5.20
index.html.1 3.45
index.html.1 5.38
index.html.1 5.04
5.22
5.56
index.html.1 82.5
index.html.1 3.91
57.0
3.47
5.11
5.47
4.89
index.html.1 4.09
2.97
2.79
3.53
3.14
4.15
3.61
3.78
4.14
4.21
3.73
1.95
index.html.1 2.47
index.html.1 3.14
index.html.1 3.70
3.23
3.55
2.72
592
index.html.1 3.23
3.33
4.24
2.85
3.76
4.22
3.12
4.27
3.22
index.html.1 2.41
3.43
4.47
3.34
2.09
4.53
582
4.51
3.57
3.66
4.41
3.49
index.html.1 3.94
4.63
index.html.1 3.13
index.html.1 4.40
index.html.1 4.85
4.28
3.72
index.html.1 3.59
index.html.1 5.05
4.56
4.45
3.58
5.36
5.08
3.93
3.89
index.html.1 2.70
index.html.1 5.41
4.42
5.22
3.58
index.html.1 3.68
index.html.1 3.71
5.83
index.html.1 4.63
index.html.1 4.20
4.22
index.html.1 3.06
3.49
3.28
index.html.1 4.44
index.html.1 5.31

0
4.89
2.85
3.96
5.14
5.20
3.57
5.47
4.00
2.69
3.69
index.html.1 3.80
index.html.1 3.31
4.08
3.48
4.07
index.html.1 4.77
3.31
3.59
4.79
4.95
4.14
index.html.1 584
4.07
3.83
3.75
index.html.1 3.69
index.html.1 4.72
index.html.1 4.14
index.html.1 5.54
2.68
3.36
4.45
index.html.1 4.01
3.95
3.63
index.html.1 3.12
4.71
index.html.1 3.98
4.22
index.html.1 3.70
index.html.1 5.64
index.html.1 5.22
3.85
5.01
4.55
3.97
4.47
3.81
3.02
4.00
57.0
index.html.1 2.92
index.html.1 3.18
index.html.1 549
index.html.1 3.71
3.95
4.08
index.html.1 4.75
3.06
3.84
2.84
3.51
index.html.1 3.42
3.85
index.html.1 4.04
5.00
3.57
3.48
index.html.1 5.58
index.html.1 4.44
index.html.1 3.54
index.html.1 4.90
index.html.1 4.27
4.95
2.63
index.html.1 3.39
4.37
index.html.1 3.38
4.39
4.01
4.03
index.html.1 4.65
3.47
4.13
5.17
index.html.1 3.85
3.87
3.45
3.27
index.html.1 3.62
index.html.1 64.2
index.html.1 5.70
index.html.1 3.45
5.06
index.html.1 4.09
3.12
3.83
2.97
3.56
3.31
index.html.1 592
index.html.1 3.49
index.html.1 527
4.26
4.19
index.html.1 5.37
5.44
4.30
4.55
4.28
5.45
3.27
3.27
3.21
3.94
4.25
index.html.1 5.09
index.html.1 5.19
index.html.1 5.21
index.html.1 581
4.75
4.72
4.75
4.39
4.52
5.55
4.38
4.39
index.html.1 4.65
5.30
index.html.1 3.32
3.69
4.89
index.html.1 3.97
index.html.1 6.05
4.11
4.98
5.66
index.html.1 3.05
index.html.1 5.00
3.36
0
0
0
0
0
0
0
0
0
0
0
0
0
0
0
0
0
0
0
0
0
0
0
0
0
0
0
0
0
0
0
0
0
0
0
0
0
0
0
0
0
0
0
0
0
0
0
0
0
0
0
0
134
78.0
110
file
0
0
0
0
0
0
0
0
135
89.3
0
0
0
0
0
0
0
0
0
0
0
0
0
0
0
0
0
0
0
0
0
0
0
0
0
0
0
0
0
0
0
0
0
0
0
0
0
0
0
0
0
0
0
0
0
0
0
0
0
0
0
0
0
0
0
0
0
0
0
0
0
0
0
0
0
0
0
0
0
0
0
0
0
0
0
0
0
0
0
0
88.5
83.3
84.0
90.9
84.0
79.4
78.8
75.9
81.3
74.0
82.0
80.0
74.6
69.4
80.0
74.1
83.4
72.4
75.8
79.4
76.4
82.0
91.9
84.8
75.2
74.1
82.6
66.2
81.3
77.6
70.0
82.0
56.8
52.9
54.0
47.3
69.0
55.6
51.3
64.1
58.1
45.3
55.2
64.3
62.9
64.5
61.0
63.7
60.6
63.7
59.9
66.2
59.9
62.9
60.7
63.3
67.6
69.1
57.8
50.4
58.5
65.8
66.3
65.9
61.0
64.9
66.6
59.2
66.3
62.9
64.5
63.7
59.9
54.4
58.2
56.8
59.2
59.5
60.3
62.3
65.8
64.9
69.0
65.8
59.5
71.0
65.4
68.0
65.4
65.8
67.6
39.7
0
0
0
0
0
file
0
0
0
0
0
0
0
0
0
0
0
0
0
0
0
0
0
0
0
0
0
0
0
0
0
0
0
0
0
0
0
0
0
0
0
0
0
0
0
0
0
0
0
0
0
0
0
0
0
0
0
0
0
0
0
0
0
0
0
0
0
0
0
0
0
0
0
0
0
0
0
0
0
0
0
0
0
0
0
0
0
0
0
0
0
0
0
0
0
0
0
0
0
0
0
0
0
0
0
0
0
0
0
0
0
0
0
0
0
0
0
0
0
0
0
0
0
0
0
0
0
0
0
0
0
0
0
0
0
0
0
123
0
0
0
0
0
0
0
0
0
0
0
0
0
0
0
0
0
0
0
0
0
0
0
0
0
0
0
0
0
0
0
0
0
0
0
0
0
0
0
0
0
0
0
0
0
0
0
0
0
0
0
0
0
0
0
0
0
0
0
0
0
0
0
0
0
0
0
0
0
0
0
0
141
0
159
0
0
0
0
0
0
0
0
0
0
0
0
152
0
0
0
0
139
112
114
116
116
104
file
0
0
141
file
0
0
0
0
0
0
0
0
119
132
130
120
90.8
103
64.9
101
file
0
0
139
98.1
68.0
file
0
161
141
0
0
0
0
0
0
0
0
0
0
0
0
0
0
0
0
0
0
0
0
0
0
0
0
0
0
0
0
0
0
0
0
0
0
128
128
0
112
file
0
0
0
0
0
0
0
0
0
0
0
0
0
0
0
0
0
0
0
0
0
0
0
0
0
0
0
0
0
0
0
0
0
0
0
0
0
0
0
0
0
0
file
0
147
167
159
146
161
169
141
130
133
139
161
156
147
141
139
125
145
135
129
118
143
154
113
153
161
143
179
156
170
159
136
167
129
144
147
143
179
150
188
174
185
139
130
141
167
116
130
103
158
139
139
159
79.3
119
130
147
145
111
125
170
131
110
139
135
162
152
139
159
130
173
189
145
156
189
159
196
200
159
164
170
196
188
189
133
175
104
176
135
193
145
156
147
137
170
187
118
172
145
176
148
179
185
169
127
156
145
130
156
121
170
170
145
133
149
119
124
135
154
154
137
173
145
189
176
159
152
185
48.1
71.7
56.8
63.7
74.7
59.9
60.2
54.9
69.4
70.9
54.2
56.1
58.1
72.5
63.7
64.1
61.0
56.3
37.6
58.5
72.9
67.2
65.3
57.0
66.2
74.1
52.1
53.2
54.4
71.4
56.2
66.7
72.0
65.0
67.6
51.0
58.5
57.5
60.6
66.3
63.3
69.5
66.2
59.2
76.4
43.5
61.4
69.5
56.5
64.4
62.5
58.8
57.5
58.5
60.2
53.2
72.0
70.4
58.5
59.8
57.8
55.9
70.0
49.3
75.8
67.6
59.5
59.2
75.8
64.1
61.8
68.5
54.1
74.1
75.2
77.2
68.0
59.9
73.0
72.2
54.4
77.6
58.8
47.9
77.6
60.5
81.3
60.6
70.9
77.6
74.1
77.1
60.1
63.3
75.3
78.0
76.5
73.6
file
0
0
0
145
0
0
0
161
147
167
172
147
167
127
161
159
134
123
131
128
147
file
0
0
130
147
133
147
123
149
143
130
133
94.8
141
147
135
125
164
147
121
102
87.0
103
111
137
81.4
121
152
112
0
48.7
170
121
110
137
116
132
123
124
106
156
164
79.5
50.3
0
0
130
133
172
156
175
167
149
167
143
179
135
145
196
200
130
176
152
149
109
99.1
137
148
149
119
137
159
121
file
0
173
145
159
128
182
159
145
106
29.7
0
0
0
73.6
file
0
0
0
95.3
94.2
70.4
88.6
73.5
65.8
62.5
66.2
70.5
96.3
76.3
84.1
75.2
88.5
88.5
42.0
66.7
74.7
90.1
72.0
95.3
85.5
87.8
84.8
76.9
45.0
35.6
0
0
0
73.0
81.2
88.5
87.1
82.0
83.4
87.9
85.6
75.3
75.8
88.5
89.4
87.8
84.4
89.4
88.5
82.0
84.1
82.6
89.4
82.8
88.6
96.2
93.5
90.1
75.6
87.9
87.8
62.5
80.0
156
113
114
151
164
159
151
127
112
175
185
173
169
66.9
145
147
156
152
130
149
113
173
172
145
157
185
154
145
100
149
185
173
145
143
139
124
99.1
0
83.4
105
128
121
125
161
176
182
167
170
178
164
154
87.7
151
166
149
156
167
151
175
172
152
159
147
137
145
141
112
116
106
114
123
142
97.0
88.5
128
123
90.9
84.1
101
119
111
173
119
143
125
159
152
92.6
145
91.0
69.9
95.0
101
69.5
98.1
93.6
68.1
file
0
0
0
0
0
0
0
0
0
0
0
73.0
60.3
96.2
57.5
58.8
108
132
135
149
116
128
116
119
139
81.3
139
149
143
127
147
111
106
68.5
51.8
67.2
50.2
38.0
77.0
100
80.0
53.8
76.1
68.5
59.6
file
0
63.3
81.3
84.8
77.6
78.1
75.2
76.4
46.7
44.4
62.5
65.0
55.6
81.3
57.8
93.5
105
97.2
46.7
file
0
0
0
0
42.9
79.4
48.8
75.2
124
127
127
112
49.3
127
119
116
105
98.0
87.8
102
91.8
88.6
90.1
93.5
76.4
69.9
85.5
79.4
83.3
87.8
93.5
92.5
98.1
97.1
80.7
69.9
89.3
109
85.5
82.0
82.7
96.2
89.4
96.2
55.9
file
0
0
0
92.6
104
104
114
100
97.1
74.7
98.9
71.5
108
82.7
95.2
53.8
90.1
103
89.3
73.5
91.8
100
0
0
0
3.01
38.6
file
0
0
0
0
0
0
0
0
file
0
0
0
0
0
0
0
0
0
0
0
0
0
0
0
0
0
0
0
0
0
0
0
0
136
0
0
0
0
0
0
12.4
0
0
91.8
0
0
0
0
0
0
0
0
0
0
0
0
0
0
0
0
0
0
0
0
0
0
0
0
0
0
0
0
0
0
0
0
0
0
0
0
0
0
0
0
0
0
0
0
0
0
0
0
0
0
0
0
0
0
0
0
0
0
0
0
0
0
0
0
0
0
0
0
0
0
0
0
0
0
0
0
0
0
0
0
0
0
0
0
0
0
0
0
0
0
0
0
0
0
0
0
0
0
0
0
0
0
0
0
0
0
0
0
0
0
0
0
0
0
116
128
125
102
87.0
file
0
0
0
0
0
0
0
0
0
0
0
0
0
0
0
0
0
0
147
file
0
0
file
0
0
0
file
0
0
0
0
0
0
0
0
0
0
0
0
0
0
file
0
0
0
0
0
0
0
0
0
0
0
0
0
0
0
0
0
0
0
0
0
0
0
0
110
0
0
0
0
0
0
0
0
0
file
0
0
0
0
0
0
0
0
0
0
0
0
0
0
0
0
0
0
0
0
0
0
0
0
0
0
0
0
0
0
0
0
0
116
125
63.7
114
0
0
0
0
0
0
0
0
0
0
0
0
0
0
0
0
0
0
0
0
0
0
0
0
0
0
0
0
0
0
0
0
0
0
0
0
0
0
0
0
0
0
0
0
0
0
0
0
0
0
0
0
0
0
0
0
0
0
0
0
0
0
86.2
101
101
109
106
0
0
0
0
0
0
0
0
0
file
0
0
0
0
0
0
0
0
0
0
file
0
132
122
0
0
0
0
0
0
0
0
0
0
0
0
0
0
0
0
0
0
0
0
0
0
0
0
0
0
0
0
0
0
0
0
file
89.4
0
file
0
0
0
0
0
164
128
file
0
0
165
file
0
0
182
159
135
152
154
159
149
141
0
0
0
0
0
0
141
152
151
0
137
file
0
0
0
0
0
0
161
141
133
152
126
152
139
0
0
0
0
0
0
0
0
0
0
0
0
0
0
0
0
0
0
0
0
0
0
0
0
0
0
110
0
0
0
0
0
0
0
0
0
0
0
0
0
0
0
0
0
0
0
0
0
0
0
0
0
0
0
0
0
0
0
0
0
0
0
0
0
0
0
0
0
0
0
0
0
0
0
0
0
0
0
0
0
0
0
0
0
0
0
0
0
0
0
0
0
0
0
0
0
0
0
0
0
0
0
0
0
0
0
0
0
0
0
0
0
0
0
0
0
0
0
0
0
0
0
0
0
0
0
0
0
0
0
0
0
0
0
0
0
0
0
0
0
0
0
0
0
0
0
0
0
0
0
0
0
0
0
0
0
0
0
0
0
0
0
0
0
0
0
0
0
0
0
0
0
0
0
0
0
0
0
0
0
0
0
0
159
file
0
0
0
0
0
0
0
0
0
0
0
file
0
0
0
0
0
0
0
0
0
0
0
0
0
0
0
0
0
0
0
0
143
143
137
135
122
106
112
0
0
0
0
0
0
0
0
0
0
0
0
0
0
0
0
0
0
0
0
0
0
0
0
0
0
0
0
0
0
0
0
0
0
0
0
0
0
0
0
0
0
0
0
0
0
0
0
0
0
0
0
0
0
0
0
0
0
0
0
0
0
0
0
0
0
0
0
0
0
0
0
0
0
0
0
0
0
0
0
0
0
0
0
0
0
0
0
0
0
0
0
0
0
0
0
0
0
0
0
0
0
0
0
0
0
0
0
0
0
0
0
0
0
0
0
0
0
0
0
0
0
0
0
0
0
0
0
0
0
0
0
0
0
0
0
0
0
0
0
0
0
0
0
0
0
0
0
0
0
0
0
0
0
0
0
0
0
0
0
0
0
0
0
0
0
0
0
0
0
0
0
0
0
0
0
0
0
0
0
0
0
0
0
0
0
0
0
0
145
128
file
0
0
0
0
0
0
0
162
154
152
0
0
0
0
0
0
0
0
0
0
0
0
0
0
0
0
0
0
167
145
156
151
121
33.7
0
0
70.2
103
114
110
116
133
116
114
108
107
file
0
0
0
0
0
0
0
0
0
0
0
0
0
0
141
0
0
0
0
0
0
0
119
135
143
0
0
0
0
0
0
0
130
141
141
file
0
0
156
143
137
143
135
137
130
147
129
123
143
114
147
145
141
141
147
151
151
143
141
117
115
112
103
106
111
99.1
116
115
100
79.4
81.4
84.0
file
0
0
0
100
87.1
99.1
98.1
90.1
92.6
96.2
55.0
70.0
80.7
95.3
88.7
96.2
96.3
93.5
95.2
88.6
76.4
82.6
80.7
75.8
84.0
76.9
82.0
79.4
81.3
75.7
88.5
82.2
79.4
71.5
80.7
77.5
73.0
83.4
77.8
87.0
81.3
64.9
file
0
0
0
0
85.5
0
0
0
0
0
0
0
0
0
0
0
0
0
0
0
0
0
0
0
0
0
0
0
0
0
0
0
0
0
0
0
0
0
0
0
0
124
file
0
0
0
0
0
0
0
0
0
0
0
0
0
0
0
0
0
0
0
0
0
0
0
0
0
0
0
0
0
0
0
0
0
0
0
0
0
0
0
0
0
0
0
0
0
0
0
0
0
0
0
0
0
0
0
0
0
0
0
0
0
0
0
0
0
0
0
0
0
0
0
0
0
0
0
0
0
0
0
0
0
0
0
0
0
0
0
0
0
0
0
0
0
0
0
0
0
0
0
0
0
0
0
0
0
0
0
0
0
0
0
0
0
0
0
0
0
0
0
0
0
0
0
0
0
0
0
0
0
0
0
0
0
0
0
0
0
0
0
0
0
0
0
0
0
0
0
0
0
0
0
0
0
0
0
0
0
0
0
0
0
0
0
0
0
0
0
0
0
0
0
0
0
0
0
0
0
0
0
0
0
0
0
0
0
0
0
0
0
0
0
0
0
0
0
0
0
0
0
0
0
0
0
0
0
0
0
0
0
0
0
0
0
0
0
0
0
0
0
0
0
0
0
0
0
0
0
0
0
0
0
0
0
0
0
0
0
0
0
0
0
0
0
0
0
0
0
0
0
0
0
0
0
0
57.8
125
118
115
115
115
114
106
111
116
116
116
116
116
104
116
118
110
116
118
111
79.4
87.0
116
118
116
115
118
118
115
112
116
115
115
116
115
116
116
119
112
115
116
102
file
0
0
0
15.4
0
0
0
159
139
72.5
116
89.3
64.5
111
116
109
115
117
114
116
116
112
114
115
115
110
116
113
111
106
114
43.1
59.9
66.7
69.0
57.2
69.9
71.5
64.5
65.0
69.0
41.5
62.9
68.0
66.7
67.1
62.1
66.9
68.5
72.5
59.2
46.3
62.9
68.1
60.6
65.8
66.7
67.3
60.3
69.5
67.6
65.8
69.0
68.0
67.6
68.0
58.7
59.9
65.8
60.3
64.1
60.3
65.8
68.5
69.9
71.5
65.4
65.5
71.5
66.2
65.8
65.4
61.4
71.5
69.0
67.6
71.5
50.6
63.7
65.8
63.3
58.5
64.1
65.0
73.5
42.9
66.7
70.4
70.9
69.0
63.3
63.7
62.5
68.5
61.0
66.7
70.0
68.1
70.9
66.4
61.0
64.1
63.3
64.9
63.7
68.5
61.7
69.9
68.0
71.5
63.7
66.4
67.1
70.0
63.7
60.6
68.0
63.3
file
0
0
65.1
66.7
64.5
56.8
63.7
69.9
0
0
0
0
0
0
0
0
0
0
0
0
0
0
0
0
0
0
0
0
0
69.9
97.1
0
0
0
0
0
0
0
0
130
110
113
114
123
125
116
122
111
106
132
123
111
98.1
124
119
120
109
122
123
112
118
119
106
105
91.1
106
105
135
119
106
114
137
123
122
127
125
92.6
89.3
90.9
125
125
118
127
121
106
111
119
90.9
104
67.1
88.5
45.7
75.2
file
0
66.7
68.5
0
0
0
0
0
0
0
0
0
0
0
0
0
86.2
file
0
103
90.1
81.3
89.3
98.8
37.7
file
0
51.8
84.1
98.1
96.2
125
82.0
108
119
85.4
115
128
141
133
78.7
137
102
130
122
109
70.4
103
135
106
122
73.0
86.2
74.6
59.9
121
96.3
83.3
60.3
104
66.2
91.8
73.5
108
94.4
120
112
110
116
115
112
122
120
114
105
99.1
127
125
122
115
88.5
118
125
104
127
131
120
128
131
114
94.4
71.0
116
124
132
133
137
137
123
128
152
261
152
164
122
167
118
150
135
105
55.2
57.8
65.4
61.8
69.0
69.0
66.3
67.6
66.2
69.9
62.2
58.5
68.6
67.6
67.2
70.9
59.2
66.3
72.0
68.0
67.2
60.6
67.9
66.7
69.4
64.9
60.2
69.9
67.6
64.6
68.1
62.2
66.2
62.9
62.5
65.0
63.7
69.0
63.3
58.8
63.3
68.1
62.9
65.4
67.6
71.0
62.9
68.1
63.7
64.1
60.3
60.6
61.4
62.1
68.5
71.4
62.1
62.5
69.0
61.7
58.9
63.1
64.5
66.7
68.0
68.9
73.5
66.2
73.0
61.0
54.1
61.0
12.3
0
0
0
75.2
91.8
90.9
94.4
86.2
91.8
83.3
87.7
91.3
87.0
89.3
63.7
0
70.4
84.1
0
62.1
88.5
73.6
84.8
90.1
94.3
90.1
90.2
98.1
98.1
90.0
101
101
92.6
95.6
98.1
100
95.3
97.1
97.1
96.3
97.3
70.4
97.1
103
90.2
95.3
84.1
24.1
0
0
0
93.5
102
104
94.3
90.2
95.3
68.7
99.0
95.3
97.9
102
98.1
98.1
106
96.2
97.1
84.1
95.3
94.3
95.3
95.2
96.1
84.8
96.1
92.6
97.1
89.4
79.9
94.4
76.5
87.0
92.7
98.1
93.5
100
97.2
96.2
87.0
88.5
101
88.5
93.4
93.5
84.0
91.4
100
99.1
96.2
90.9
95.3
99.0
101
89.3
96.2
87.8
97.1
87.8
79.4
91.8
99.1
91.9
90.9
77.0
62.9
114
63.7
116
128
123
68.5
94.4
69.0
67.1
84.8
147
125
161
145
149
141
132
152
173
135
166
90.1
161
159
137
119
96.2
82.0
104
137
150
156
110
147
159
185
118
83.0
111
167
143
147
159
159
139
156
141
107
151
143
159
139
133
167
164
154
149
161
164
159
139
175
185
134
119
132
167
152
159
132
167
78.1
135
130
127
118
128
75.2
127
160
167
172
170
87.7
143
154
161
164
167
151
file
0
0
0
0
0
143
161
141
132
135
151
143
141
120
147
108
145
123
68.5
130
125
145
111
116
122
37.6
70.5
0
0
0
0
94.4
0
89.3
78.8
43.7
55.3
41.2
57.8
50.3
58.2
59.9
56.5
67.6
65.4
65.6
65.3
20.5
0
66.7
67.6
69.5
67.1
66.2
69.5
69.4
67.1
66.7
67.2
69.0
70.9
68.5
65.8
69.5
65.0
67.6
71.9
68.5
72.0
69.5
71.9
67.2
72.0
71.0
69.5
66.8
64.1
70.4
68.6
65.8
68.5
66.3
69.5
66.3
65.8
73.0
69.4
67.1
67.1
65.4
70.4
68.5
64.5
65.3
0
0
0
0
0
0
0
0
0
0
0
0
0
0
0
0
0
0
0
0
0
0
0
0
0
0
0
0
0
0
0
0
0
0
0
0
0
0
0
0
0
0
0
0
0
0
0
0
0
0
0
0
0
0
0
0
0
0
0
0
0
0
0
0
0
0
0
0
0
0
0
0
0
0
0
0
0
0
0
0
0
0
0
0
0
0
0
0
0
0
0
0
0
0
0
0
0
0
0
0
0
0
0
0
0
0
0
0
0
0
0
0
0
0
0
0
0
0
0
0
0
0
0
0
0
0
0
0
0
0
0
0
0
0
0
0
0
0
0
0
0
0
0
0
0
0
0
0
0
0
0
0
0
0
0
0
0
0
0
0
0
0
0
0
0
0
0
0
0
0
0
0
0
0
0
0
0
0
0
0
0
0
0
0
0
0
0
0
0
0
0
0
0
0
0
0
0
0
0
0
0
0
0
0
0
0
0
0
0
0
0
0
0
0
0
0
0
0
0
0
0
0
0
0
0
0
0
0
0
0
0
0
0
0
0
0
0
0
0
0
0
0
0
0
0
0
0
0
0
0
0
0
0
0
0
0
0
0
0
0
0
0
0
0
0
0
0
0
0
0
0
0
0
0
0
0
0
0
0
0
0
0
0
0
0
0
0
0
0
0
0
0
0
0
0
0
0
0
0
0
0
0
0
0
0
0
0
0
0
0
0
0
0
0
0
0
0
0
0
0
0
0
0
0
0
0
0
0
0
0
0
0
0
0
0
0
0
0
0
0
0
0
0
0
0
0
0
0
0
0
0
0
0
0
0
0
0
0
0
0
0
0
0
0
0
0
0
0
0
0
0
0
0
0
0
0
0
0
0
0
0
0
0
0
0
0
0
0
0
0
0
0
0
0
0
0
0
0
0
0
0
0
0
0
0
0
0
0
0
0
0
0
0
0
0
0
0
0
0
0
0
0
0
0
0
0
0
0
0
0
0
0
0
0
0
0
0
0
0
0
0
0
0
0
0
0
0
0
0
0
0
0
0
0
0
0
0
0
0
0
0
0
0
0
0
0
0
0
0
0
0
0
0
0
0
0
0
0
0
0
0
0
0
0
0
0
0
0
0
0
0
0
0
0
0
0
0
0
0
0
0
0
0
0
0
0
0
0
0
0
0
0
0
0
0
0
0
0
0
0
0
0
0
0
0
0
0
0
0
0
0
0
0
0
0
0
0
0
0
0
0
0
0
0
0
0
0
0
0
0
0
0
0
0
0
0
0
0
0
0
0
0
0
0
0
0
0
0
0
0
0
0
0
0
0
0
0
0
0
0
0
0
0
0
0
0
0
0
0
0
0
0
0
0
0
0
0
0
0
0
0
0
0
0
0
0
0
0
0
0
0
0
0
0
0
0
0
0
0
0
0
0
0
0
0
0
0
0
0
0
0
0
0
0
0
0
0
0
0
0
0
0
0
0
0
0
0
0
0
0
0
0
0
0
0
0
0
0
0
0
0
0
0
0
0
0
0
0
0
0
0
0
0
0
0
0
0
0
0
0
0
0
0
0
0
0
0
0
0
0
0
0
0
0
0
0
0
0
0
0
0
0
0
0
0
0
0
0
0
0
0
0
0
0
0
0
0
0
0
0
0
0
0
0
0
0
0
0
0
0
0
0
0
0
0
0
0
0
0
0
0
0
0
0
0
0
0
0
0
0
0
0
0
0
0
0
0
0
0
0
0
0
0
0
0
0
0
0
0
0
0
0
0
0
0
0
0
0
0
0
0
0
0
0
0
0
0
0
0
0
0
0
0
0
0
0
0
0
0
0
0
0
0
0
0
0
0
0
0
0
0
0
0
0
0
0
0
0
0
0
0
0
0
0
0
0
0
0
0
0
0
0
0
0
0
0
0
0
0
0
0
0
0
0
0
0
0
0
0
0
0
0
0
0
0
0
0
0
0
0
0
0
0
0
0
0
0
0
0
0
0
0
0
0
0
0
0
0
0
0
0
0
0
0
0
0
0
0
0
0
0
0
0
0
0
0
0
0
0
0
0
0
0
0
0
0
0
0
0
0
0
0
0
0
0
0
0
0
0
0
0
0
0
0
0
0
0
0
0
0
0
0
0
0
0
0
0
0
0
0
0
0
0
0
0
0
0
0
0
0
0
0
0
0
0
0
0
0
0
0
0
0
0
0
0
0
0
0
0
0
0
0
0
0
0
0
0
0
0
0
0
0
0
0
0
0
0
0
0
0
0
0
0
0
0
0
0
0
0
0
0
0
0
0
0
0
0
0
0
0
0
0
0
0
0
0
0
0
0
0
0
0
0
0
0
0
0
0
0
0
0
0
0
0
0
0
0
0
0
0
0
0
0
0
0
0
0
0
0
0
0
0
0
0
0
0
0
0
0
0
0
0
0
0
0
0
0
0
0
0
0
0
0
0
0
0
0
0
0
0
0
0
0
0
0
0
0
0
0
0
0
0
0
0
0
0
0
0
0
0
0
0
0
0
0
0
0
0
0
0
0
0
0
0
0
0
0
0
0
0
0
0
0
0
0
0
0
0
0
0
0
0
0
0
0
0
0
0
0
0
0
0
0
0
0
0
0
0
0
0
0
0
0
0
0
0
0
0
0
0
0
0
0
0
0
0
0
0
0
0
0
0
0
0
0
0
0
0
0
0
0
0
0
0
0
0
0
0
0
0
0
0
0
0
0
0
0
0
0
0
0
0
0
0
0
0
0
0
0
0
0
0
0
0
0
0
0
0
0
0
0
0
0
0
0
0
0
0
0
0
0
0
0
0
0
0
0
0
0
0
0
0
0
0
0
0
0
0
0
0
0
0
0
0
0
0
0
0
0
0
0
0
0
0
0
0
0
0
0
0
0
0
0
0
0
0
0
0
0
0
0
0
0
0
0
0
0
0
0
0
0
0
0
0
0
0
0
0
0
0
0
0
0
0
0
0
0
0
0
0
0
0
0
0
0
0
0
0
0
0
0
0
0
0
0
0
0
0
0
0
0
0
0
0
0
0
0
0
0
0
0
0
0
0
0
0
0
0
0
0
0
0
0
0
0
0
0
0
0
0
0
0
0
0
0
0
0
0
0
0
0
0
0
0
0
0
0
0
0
0
0
0
0
0
0
0
0
0
0
0
0
0
0
0
0
0
0
0
0
0
0
0
0
0
0
0
0
0
0
0
0
0
0
0
0
0
0
0
0
0
0
0
0
0
0
0
0
0
0
0
0
0
0
0
0
0
0
0
0
0
0
0
0
0
0
0
0
0
0
0
0
0
0
0
0
0
0
0
0
0
0
0
0
0
0
0
0
0
0
0
0
0
0
0
0
0
0
0
0
0
0
0
0
0
0
0
0
0
0
0
0
0
0
0
0
0
0
0
0
0
0
0
0
0
0
0
0
0
0
0
0
0
0
0
0
0
0
0
0
0
0
0
0
0
0
0
0
0
0
0
0
0
0
0
0
0
0
0
0
0
0
0
0
0
0
0
0
0
0
0
0
0
0
0
0
0
0
0
0
0
0
0
0
0
0
0
0
0
0
0
0
0
0
0
0
0
0
0
0
0
0
0
0
0
0
0
0
0
0
0
0
0
0
0
0
0
0
0
0
0
0
0
0
0
0
0
0
0
0
0
0
0
0
0
0
0
0
0
0
0
0
0
0
0
0
0
0
0
0
0
0
0
0
0
0
0
0
0
0
0
0
0
0
0
0
0
0
0
0
0
0
0
0
0
0
0
0
0
0
0
0
0
0
0
0
0
0
145
179
143
149
160
149
145
145
147
164
157
159
164
167
139
133
128
149
149
156
125
151
file
0
0
0
0
0
133
130
143
file
0
0
0
159
166
156
151
169
143
152
147
139
145
file
571
0
0
3.49
0
4.04
133
0
0
0
0
0
0
0
0
0
0
0
0
0
0
0
0
0
0
0
0
0
0
0
0
0
0
0
0
0
0
0
0
0
0
0
0
0
0
0
0
0
0
0
0
0
0
0
0
0
0
0
0
0
0
0
0
0
0
0
0
0
0
0
0
0
0
0
0
0
0
0
0
0
0
0
0
0
0
0
0
0
0
0
0
0
0
0
0
0
0
0
0
0
0
0
0
0
0
0
0
0
0
0
0
0
0
0
0
0
0
0
0
0
0
0
0
0
0
0
0
0
0
0
0
0
0
0
0
0
0
0
0
0
0
0
0
0
0
0
0
0
0
0
0
0
0
0
0
0
0
0
0
0
0
0
0
0
0
0
0
0
0
0
0
0
0
0
0
0
0
0
0
0
0
0
0
0
0
0
0
0
0
0
0
0
0
0
0
0
0
0
0
70.4
63.5
67.4
62.9
61.7
62.2
61.8
0
0
62.3
56.5
40.3
49.5
52.4
54.9
file
0
0
0
0
file
0
0
0
0
0
0
0
0
0
0
0
0
0
0
0
0
0
0
0
0
0
0
0
0
0
0
0
0
0
0
0
0
0
0
0
0
0
0
0
0
0
0
58.9
56.9
50.5
56.9
63.3
66.2
60.6
60.2
45.5
53.5
67.0
63.7
60.6
56.8
52.5
52.7
57.2
57.5
49.0
56.5
56.2
53.2
59.6
52.4
59.5
60.3
48.5
55.9
56.8
58.8
63.7
67.2
69.9
58.9
58.9
62.6
58.8
65.9
52.1
53.0
47.4
51.6
58.5
52.7
59.5
56.2
57.1
57.5
59.0
57.8
0
0
0
0
0
0
0
0
0
0
0
0
0
0
0
0
0
0
0
0
0
0
0
0
0
0
0
0
0
0
0
0
0
0
0
0
0
0
0
0
0
0
0
0
0
0
0
0
0
0
0
0
0
0
0
0
0
0
0
0
0
0
0
0
0
0
0
0
0
0
0
0
0
0
0
0
0
0
0
0
0
0
0
0
0
0
0
0
0
0
0
0
0
0
0
0
0
0
0
0
0
0
0
0
0
0
0
0
0
0
0
0
0
0
0
0
0
0
0
0
0
0
0
0
0
0
0
0
0
0
0
0
0
0
0
0
0
0
0
0
0
0
0
0
0
0
0
0
0
0
0
0
0
0
0
0
0
0
0
0
0
0
0
0
0
0
0
0
151
180
174
84.8
file
file
file
115
447
439
142
570
139
131
235
242
534
468
859
339
255
file
file
file
118
124
0
0
85.5
85.5
127
119
145
145
145
154
146
0
0
143
123
166
164
167
154
0
0
0
0
0
0
0
0
0
0
0
0
0
0
137
104
151
159
file
0
0
0
0
0
93.5
87.8
4.92
0
0
18.4
172
36.7
50.6
16.1
15.4
15.4
file
0
13.9
137
14.2
file
0
17.7
0
0
16.0
14.3
10.5
21.0
0
0
0
0
file
0
12.2
file
0
26.7
13.0
12.8
11.4
24.5
104
file
0
0
0
0
18.2
33.1
12.4
20.6
24.3
62.5
103
106
109
84.0
105
98.1
109
111
30.1
94.4
0
116
97.0
62.9
file
0
95.3
96.1
88.2
25.3
106
82.8
114
100
89.4
0
0
0
0
34.8
104
106
105
94.3
110
112
164
164
154
128
106
125
101
141
156
176
154
128
0
0
0
0
0
0
0
0
0
0
0
0
0
0
0
0
0
file
0
14.7
0
0
0
0
0
0
0
0
0
0
0
0
0
0
0
0
0
0
0
0
0
0
0
0
0
0
0
0
0
0
0
0
file
0
0
0
0
0
0
0
file
0
7.34
file
0
0
6.51
file
0
7.12
file
0
7.11
0
0
0
0
0
51.3
21.9
50.5
50.1
49.8
50.3
49.5
50.5
50.3
49.8
22.0
21.9
49.8
50.1
22.0
50.8
50.8
40.7
50.5
46.7
51.0
50.8
50.8
50.0
41.7
22.7
50.3
50.8
50.3
50.3
22.1
50.0
50.3
50.5
22.0
50.5
50.1
51.0
50.5
22.1
18.4
50.3
18.7
50.0
50.0
49.8
51.0
50.0
50.5
41.3
13.7
31.3
50.3
29.5
51.3
51.0
51.3
22.3
51.0
21.9
15.0
50.8
50.3
49.5
50.2
49.8
22.0
50.0
0
3.21
63.9
4.11
570
5.14
4.44
3.20
3.42
3.94
4.00
139
4.52
3.64
4.72
3.47
4.23
3.54
4.29
3.96
3.64
4.57
4.27
47.5
3.89
3.78
3.42
3.80
3.92
4.35
3.69
3.82
3.63
4.04
3.88
3.91
4.54
47.5
3.68
4.21
3.37
3.60
3.59
4.18
3.42
64.1
3.48
4.11
3.87
3.85
3.59
3.91
3.72
4.29
3.88
3.54
3.30
3.85
3.40
3.41
3.47
3.93
2.51
3.84
3.28
3.22
4.54
191
4.91
3.96
4.01
47.5
3.42
4.33
3.16
3.92
4.25
4.80
4.23
4.39
3.75
581
3.97
3.77
4.39
5.06
3.81
4.31
3.20
4.76
3.72
1.70
0
4.18
265
3.92
3.97
4.06
2.82
4.32
4.18
4.09
3.82
3.89
3.74
4.07
2.21
3.18
3.68
3.34
3.34
3.30
4.09
3.42
3.87
4.86
4.59
2.70
2.85
3.19
3.19
3.81
2.04
4.05
3.91
501
3.24
4.78
3.43
3.40
3.08
2.07
3.41
3.33
4.22
3.79
935
2.25
3.64
3.85
4.28
2.66
3.76
3.75
3.92
4.13
4.88
4.55
2.46
3.82
3.41
4.38
3.82
3.61
3.16
3.28
3.97
2.24
4.03
578
4.14
4.48
3.70
3.76
4.08
3.37
2.50
2.19
3.57
3.61
4.26
154
174
178
261
172
143
156
151
170
125
149
151
128
176
137
145
152
149
164
159
80.0
110
75.2
83.3
0
0
57.5
118
0
46.1
125
66.2
0
36.8
39.5
74.1
16.4
46.5
54.9
31.6
20.0
101
19.3
63.9
file
0
20.6
33.8
71.4
file
0
23.2
58.5
80.0
111
110
91.7
99.0
45.7
60.3
0
0
164
186
106
69.9
151
167
145
133
154
91.8
114
111
37.4
110
68.1
124
94.3
0
0
149
151
161
117
154
0
173
0
122
141
122
139
125
104
119
53.0
47.2
51.0
17.8
12.0
0
0
0
0
0
0
0
116
111
111
118
122
118
132
119
121
96.2
110
0
143
189
185
186
189
200
189
169
175
167
185
128
164
170
143
170
163
170
161
170
189
185
137
169
179
175
156
147
156
172
0
109
20.9
0
0
0
0
0
0
0
0
113
7.10
16.1
0
0
7.24
file
0
95.3
88.3
15.4
76.5
80.0
82.6
83.8
75.2
88.7
92.0
90.2
84.1
94.4
91.0
15.1
83.7
file
0
6.68
31.6
36.4
96.3
96.2
91.8
96.2
164
141
147
161
150
0
16.7
17.9
22.3
21.7
19.4
11.7
14.6
10.1
0
0
0
0
0
20.0
21.9
17.4
16.2
18.9
16.4
17.5
16.6
0
0
0
0
50.5
11.5
0
0
50.8
50.0
50.2
50.3
7.90
0
0
0
0
48.6
0
0
0
0
0
49.5
46.3
50.5
0
14.3
50.3
50.3
50.8
50.0
49.8
50.5
50.3
50.3
50.3
50.7
50.3
50.3
51.0
50.0
50.3
46.8
47.2
47.7
47.2
46.7
46.1
46.3
47.1
47.7
45.9
46.7
46.5
45.9
46.1
48.1
45.5
49.3
51.1
50.8
47.5
50.0
50.3
49.5
51.0
50.8
51.0
50.3
50.3
50.7
51.0
51.0
37.3
31.4
39.1
39.6
42.9
36.2
30.5
36.0
30.4
37.6
36.1
31.5
61.2
30.2
51.2
37.9
39.4
37.5
38.7
37.7
30.3
36.5
30.7
25.0
29.0
28.5
27.5
30.2
27.6
29.8
36.2
27.0
28.1
27.5
30.3
30.7
30.8
36.3
27.4
27.6
30.1
27.3
30.4
30.8
30.3
32.1
30.7
30.3
45.7
25.6
26.4
27.8
29.9
27.6
26.7
29.9
28.1
27.9
0
0
0
0
0
0
0
0
8.03
18.8
15.1
19.3
7.54
13.7
9.50
15.1
11.2
0
51.3
22.3
51.3
22.5
0
0
0
0
0
0
0
0
0
0
0
0
0
0
0
0
0
0
0
0
0
0
0
0
0
0
0
0
0
0
0
0
0
0
0
0
0
0
0
0
file
0
0
0
0
70.4
59.2
0
0
0
0
0
0
0
file
0
file
0
27.4
124
95.3
101
0
18.5
15.3
124
125
file
0
9.84
134
119
115
161
0
72.5
135
147
122
139
108
0
108
133
152
83.4
118
139
145
149
151
91.9
34.5
6.96
104
105
68.5
0
77.0
68.8
80.2
116
104
110
116
121
119
122
115
118
125
63.7
103
115
105
124
97.2
115
104
105
104
118
34.2
123
12.3
80.5
0
67.1
68.5
12.3
15.7
87.7
86.9
0
0
0
0
0
0
0
0
0
0
0
0
0
0
58.9
69.0
63.3
68.5
65.0
95.3
8.77
77.5
65.4
75.8
67.7
25.4
14.2
93.6
13.0
7.42
13.2
102
108
85.7
72.0
96.3
93.7
90.1
91.0
98.3
96.2
90.3
92.0
92.6
15.6
76.9
0
0
80.2
78.1
82.7
67.1
65.2
118
105
90.3
139
104
14.8
55.9
95.2
91.8
82.6
84.8
78.1
74.1
80.2
81.5
27.9
44.3
18.2
64.1
11.8
102
29.2
141
127
122
130
147
161
89.3
130
118
154
130
134
147
154
137
124
138
161
149
154
145
151
141
164
159
141
141
148
109
156
63.7
74.7
132
86.5
74.5
40.8
77.5
89.3
103
0
0
0
0
0
0
0
127
157
161
0
0
0
0
145
0
161
0
0
0
0
156
0
0
156
0
0
0
0
0
0
0
0
0
0
0
0
88.5
0
0
0
0
0
0
0
0
0
0
0
109
0
0
0
0
0
0
0
0
0
0
0
0
0
0
0
0
0
0
0
0
0
0
0
145
0
0
0
133
139
80.7
0
0
0
0
118
132
137
143
143
127
93.6
147
141
145
141
145
154
61.4
106
76.4
81.3
79.4
0
0
0
56.5
0
0
141
66.7
0
123
0
112
109
0
0
0
0
0
0
127
0
0
125
0
0
0
128
0
0
119
124
0
0
0
0
0
0
0
0
0
0
0
82.0
109
0
0
0
130
0
0
0
0
0
0
137
132
114
145
149
0
137
0
0
0
0
0
0
0
0
0
132
105
115
127
130
127
119
123
133
119
127
121
0
0
141
0
0
0
0
0
0
0
0
0
44.7
0
0
127
132
127
130
121
128
0
0
37.0
37.9
58.5
54.9
47.5
56.8
60.2
0
0
52.1
53.2
55.9
52.7
58.5
0
59.2
45.9
53.0
file
0
47.8
100
file
0
12.9
102
84.1
56.2
0
57.8
0
0
0
0
93.5
file
0
109
130
106
6.90
130
60.3
48.3
102
0
0
0
0
0
0
0
0
0
0
0
0
53.2
101
115
116
112
118
112
127
7.70
17.7
127
112
116
0
0
0
90.9
0
133
79.3
125
125
137
92.6
83.4
76.0
82.7
139
116
127
91.7
119
123
126
127
130
0
110
0
139
0
0
0
73.5
0
118
0
0
125
87.0
121
124
114
45.0
48.8
51.6
48.6
51.3
132
137
135
118
127
127
141
132
125
109
124
0
137
132
124
116
132
115
121
123
118
105
39.7
47.6
41.2
59.2
53.7
52.6
56.2
68.9
71.9
62.9
62.1
147
161
0
98.1
129
139
0
0
0
0
112
130
164
151
152
141
123
149
149
135
143
161
159
127
135
147
127
132
125
154
154
173
170
141
154
112
159
137
98.1
111
147
144
109
69.0
134
143
145
109
167
90.2
116
125
130
20.7
132
137
141
130
141
147
139
139
170
173
157
164
147
128
128
92.8
139
125
151
133
128
127
135
140
127
121
137
145
141
147
154
149
120
152
123
147
115
52.6
147
125
85.5
112
147
127
135
127
96.2
86.2
133
137
125
133
147
132
146
145
137
128
136
0
98.3
170
0
122
25.9
137
134
121
122
141
145
152
93.5
130
152
141
0
135
135
52.9
0
137
137
128
135
115
127
130
75.2
141
147
116
134
156
23.1
12.5
150
139
149
151
122
0
116
60.6
159
150
77.0
110
130
119
124
135
130
54.3
71.9
65.0
58.5
62.5
63.3
48.6
33.9
54.1
72.5
37.3
56.2
54.1
62.1
57.2
23.4
63.3
91.8
94.5
78.8
39.7
60.3
80.1
91.0
71.5
59.2
42.7
61.0
23.2
70.9
67.6
66.2
45.7
104
64.9
92.6
83.3
91.8
95.1
130
103
97.2
99.1
111
106
62.9
104
25.4
74.1
73.0
20.1
0
0
0
0
0
0
11.6
127
0
116
147
10.2
15.4
43.9
76.4
105
143
161
101
0
0
0
0
0
0
27.7
130
0
156
145
124
143
41.8
128
9.40
159
86.2
125
116
11.0
25.4
108
141
137
130
133
156
141
147
147
14.5
121
139
132
118
97.1
20.2
110
11.3
121
85.5
82.7
64.1
119
75.2
130
84.8
0
111
106
98.1
135
0
105
145
147
125
120
61.7
109
137
133
137
112
9.15
7.66
154
file
0
file
0
145
8.31
0
0
9.52
0
0
0
0
0
file
0
0
156
124
111
127
129
81.3
121
93.5
116
125
105
116
115
115
61.7
97.2
70.0
85.5
167
55.6
92.6
127
135
104
133
139
102
135
133
137
67.6
118
127
0
0
0
0
0
0
0
0
0
0
0
0
0
0
0
0
0
0
0
0
143
149
175
170
149
149
156
137
173
189
185
169
149
124
114
125
143
121
39.8
80.7
77.5
0
0
11.6
111
145
130
145
6.64
35.2
14.1
29.2
153
173
170
167
145
0
152
151
30.5
17.7
132
145
135
147
0
152
47.4
58.5
87.0
0
0
0
file
0
6.54
11.9
159
135
8.87
167
164
172
147
137
156
145
86.3
67.1
139
120
161
112
132
84.8
87.8
120
128
115
116
111
112
25.9
139
156
156
145
164
130
125
173
173
152
124
154
161
151
167
151
137
149
151
137
151
0
147
147
145
161
149
49.3
80.7
82.6
0
149
25.7
141
164
112
137
167
164
164
173
147
159
159
0
0
0
0
0
0
0
167
156
173
96.5
87.7
0
145
0
0
0
0
159
0
0
0
141
0
0
0
0
161
167
0
170
139
0
152
0
0
0
154
154
0
145
156
56.5
0
0
0
147
0
46.3
124
139
105
0
110
135
110
98.3
133
0
0
15.8
124
0
0
31.8
114
102
143
167
161
159
156
161
167
175
0
141
149
175
170
172
156
170
172
173
135
170
164
172
119
170
137
149
175
133
159
152
156
159
159
154
154
149
162
147
154
145
172
154
154
169
151
134
175
159
161
172
176
118
50.8
147
139
164
181
175
169
167
121
80.0
154
170
164
161
175
147
154
176
141
167
156
167
175
134
115
169
172
0
179
172
141
172
129
156
0
57.5
0
0
42.2
44.7
64.1
69.5
68.5
0
72.0
66.2
0
57.8
65.8
53.8
69.0
71.0
63.7
66.7
63.7
64.9
70.0
59.2
69.4
72.5
74.6
66.3
0
141
139
40.2
152
152
159
149
118
87.0
103
120
57.5
63.3
85.5
106
141
147
143
132
0
0
59.2
0
36.8
0
76.9
11.9
11.0
69.4
0
0
0
file
0
0
0
0
91.0
103
47.4
0
7.54
10.2
133
110
61.4
14.5
127
152
118
100
118
154
156
75.8
137
141
115
152
111
143
130
118
112
124
98.1
69.0
67.1
62.2
69.0
118
62.9
0
78.8
65.0
125
114
124
105
95.3
0
116
91.8
108
100
43.5
139
104
135
0
103
9.88
10.1
39.5
30.4
82.7
87.0
0
10.0
12.6
80.7
73.0
56.2
87.7
102
40.3
39.2
10.6
47.0
78.8
120
135
114
56.8
104
0
141
61.8
75.8
101
12.6
109
137
78.2
127
106
53.8
102
81.3
118
114
108
76.4
83.4
124
118
110
121
111
104
103
24.5
55.2
52.4
72.5
0
0
0
0
0
0
0
0
0
0
0
0
8.64
0
0
0
0
0
0
0
0
0
6.79
0
0
0
0
0
0
9.48
3.82
0
0
7.46
file
0
0
13.4
23.5
0
0
0
65.8
83.5
84.1
82.2
0
74.5
27.9
74.6
84.5
85.6
90.2
90.1
149
152
139
122
154
139
159
0
59.5
60.6
52.3
51.3
60.6
66.2
54.1
60.3
53.2
55.9
67.6
65.8
0
0
0
0
79.4
70.4
62.1
0
0
0
51.6
76.4
69.9
145
143
137
0
85.6
37.5
54.1
65.8
66.3
72.3
65.8
67.1
71.5
154
135
102
135
149
164
123
139
152
130
149
154
154
150
147
98.0
136
152
131
121
149
137
139
156
154
0
164
161
0
145
0
145
0
0
0
147
0
145
141
131
152
152
154
157
136
143
0
0
0
0
0
96.1
136
0
0
149
0
154
133
141
154
92.6
87.7
0
0
72.5
82.1
83.4
87.7
80.7
78.7
78.8
76.9
77.5
74.2
74.8
68.5
66.7
0
78.7
0
58.2
77.5
0
0
66.2
77.0
80.0
0
0
130
172
170
167
154
125
172
159
152
135
154
32.3
52.9
56.8
64.1
0
48.8
65.0
63.8
62.6
61.4
61.4
64.5
64.1
63.3
32.6
0
0
0
58.2
64.5
65.8
0
0
0
0
143
0
0
145
0
0
156
137
123
143
151
152
137
149
152
0
159
133
143
0
161
175
154
149
152
159
156
173
161
147
152
154
0
154
0
143
139
161
124
159
154
152
164
152
132
156
167
143
0
0
141
128
143
0
53.8
125
135
179
141
128
7.93
0
40.8
54.4
51.8
60.6
59.2
62.5
47.6
47.9
56.8
53.8
55.9
48.3
49.3
48.8
61.8
59.2
55.3
58.5
52.1
58.5
65.0
59.2
57.8
61.4
62.9
58.2
65.4
59.9
50.8
50.5
61.7
57.8
61.4
59.2
141
154
145
0
137
101
134
108
135
147
167
170
154
159
164
152
108
0
154
161
161
167
115
159
164
164
167
156
148
172
159
154
132
154
145
156
156
147
43.5
137
145
167
145
137
133
161
96.2
73.7
149
125
161
152
132
133
161
161
170
135
156
172
167
145
130
65.9
156
134
8.97
122
115
133
161
11.8
16.6
89.3
92.6
90.8
19.0
109
88.5
36.9
104
114
105
108
100
106
111
98.1
105
102
109
110
95.3
99.0
95.3
110
115
103
106
147
169
169
145
144
147
175
164
147
150
151
170
147
135
141
137
159
145
125
147
149
173
167
139
143
143
154
159
132
139
147
172
162
133
152
145
141
122
104
101
126
143
128
124
130
103
141
125
119
123
120
143
122
124
125
125
83.4
85.6
115
36.9
99.1
44.1
23.4
58.2
59.5
24.2
54.4
22.2
28.3
34.4
33.0
23.0
23.3
27.0
15.5
30.6
34.5
23.5
22.6
26.5
36.5
44.5
44.5
31.1
34.2
48.8
52.1
41.8
34.0
34.2
32.5
36.2
44.4
59.5
40.2
32.7
35.1
29.2
19.7
11.7
87.7
38.6
27.7
26.7
32.2
31.5
21.0
19.1
16.6
19.2
14.4
43.3
55.9
45.3
48.8
33.5
44.1
47.6
31.1
40.2
39.9
24.6
68.5
73.0
11.5
32.5
45.7
32.2
17.0
58.5
49.0
64.1
39.1
30.8
45.9
70.9
16.0
21.7
12.6
25.3
25.6
22.0
15.4
22.8
20.9
24.5
15.0
22.2
20.6
46.1
14.4
49.5
21.3
18.5
32.2
28.3
0
21.7
41.7
21.8
15.9
36.0
26.7
62.9
33.6
20.3
53.2
0
106
51.1
22.2
31.3
42.4
18.9
32.9
17.0
16.2
18.3
26.4
0
29.2
16.5
17.9
9.78
20.5
12.8
23.4
21.2
33.1
20.4
21.1
13.4
11.6
12.8
16.5
17.0
16.6
8.76
16.4
0
20.0
33.7
27.4
15.4
15.1
15.6
13.6
14.3
25.0
37.9
12.4
17.5
20.2
15.2
16.5
11.7
21.1
30.7
25.6
28.3
27.9
24.3
43.7
0
49.5
19.5
8.36
20.5
20.8
0
40.1
16.8
47.9
44.5
8.99
18.4
22.9
16.1
11.8
31.3
17.1
13.3
20.2
28.4
40.7
27.3
15.2
11.0
26.9
20.7
16.1
23.0
26.5
0
12.9
35.0
21.8
36.6
14.9
19.8
21.5
0
16.8
0
16.1
56.8
12.9
8.40
22.4
14.7
10.2
36.0
13.2
0
21.8
32.5
16.6
14.5
0
23.0
23.3
21.6
18.5
18.1
18.2
25.6
21.9
0
16.1
11.9
19.2
9.44
20.2
30.7
11.4
25.8
17.7
14.6
20.7
0
0
0
23.9
9.43
24.8
30.8
25.5
17.6
11.8
28.5
33.2
14.1
20.8
24.1
0
26.3
0
19.2
11.2
23.3
0
0
14.4
9.76
13.0
16.3
0
16.6
0
11.4
16.3
16.4
19.7
12.2
0
0
0
3.20
0
0
0
0
0
0
0
0
0
file
0
8.29
0
0
0
0
0
0
0
0
0
0
0
0
0
0
file
0
0
0
0
0
0
0
0
0
0
0
0
108
92.1
68.6
82.8
104
104
0
0
144
0
67.1
109
85.5
106
57.1
141
85.7
13.6
118
36.9
13.2
108
33.0
121
0
32.3
36.5
21.5
20.6
0
116
99.0
137
49.0
125
124
143
0
156
151
128
133
133
149
145
100
87.8
0
0
0
0
0
0
0
0
0
0
0
0
0
0
0
0
0
0
0
0
0
0
0
0
0
0
0
0
0
0
0
0
0
0
0
0
135
156
147
98.2
112
109
152
95.2
128
70.4
103
143
141
132
156
0
137
159
128
0
73.5
147
77.1
0
130
128
125
152
116
136
64.2
130
133
122
134
143
91.8
130
147
103
131
127
149
128
145
116
149
139
133
147
22.4
125
130
102
100
99.0
41.2
0
27.1
8.06
8.70
145
135
129
99.0
147
130
149
141
131
128
121
76.7
86.3
35.5
132
79.4
68.8
122
123
137
130
67.5
141
124
0
0
file
0
66.7
65.4
0
0
60.6
62.7
54.4
64.1
66.2
52.9
64.1
52.1
52.6
68.1
56.5
69.0
51.8
54.0
61.0
64.5
64.1
62.5
55.9
0
0
0
0
0
0
0
0
0
0
0
0
0
0
0
0
0
0
0
0
0
0
0
0
0
0
0
0
0
0
0
0
0
0
0
0
0
0
0
0
0
0
0
0
0
0
0
0
0
0
0
0
0
0
0
0
0
0
0
0
0
0
0
0
0
0
0
0
0
0
0
0
0
0
0
0
0
0
0
0
0
0
0
0
0
0
0
0
0
0
156
147
137
149
84.8
137
156
164
129
0
102
143
130
149
110
137
133
137
155
123
145
149
132
145
53.8
161
156
151
139
121
143
147
139
167
86.9
127
147
130
172
164
132
170
139
166
176
161
152
145
125
159
156
135
159
147
116
116
132
139
161
141
98.0
159
119
142
127
137
149
159
127
161
167
147
147
125
130
104
80.6
139
161
145
147
175
152
164
122
173
143
130
141
128
159
143
154
139
143
143
95.3
122
128
150
118
154
154
128
147
139
130
129
145
149
112
149
128
145
147
145
121
154
75.2
161
124
156
133
125
147
154
105
82.0
137
50.0
139
167
97.1
172
130
139
137
137
137
147
135
148
141
111
147
96.1
145
133
127
145
147
114
134
130
135
164
145
170
167
157
161
149
162
0
0
0
0
0
0
0
0
0
0
0
0
0
0
0
0
0
0
0
0
0
0
0
0
0
0
0
0
0
0
0
0
0
0
0
0
0
0
0
0
0
0
0
0
0
0
0
0
0
0
0
0
0
38.6
0
0
0
22.6
0
0
0
0
94.3
125
135
151
127
147
87.6
145
143
116
117
124
75.2
62.6
56.8
0
65.4
52.1
108
0
0
151
164
164
156
35.0
152
147
156
164
166
151
0
0
0
0
0
0
0
0
0
0
3.56
3.09
2.50
2.98
2.98
3.57
3.13
3.36
3.98
2.70
2.42
3.26
3.83
3.20
3.29
3.96
4.19
4.75
2.92
3.10
4.28
4.44
4.02
81.9
3.15
4.20
2.99
1.91
2.40
2.75
2.90
3.59
570
3.86
46.5
3.51
3.51
3.32
1.97
1.81
2.09
2.20
1.83
2.11
2.04
1.84
1.95
1.85
1.81
1.94
1.92
2.04
64.1
3.67
3.15
3.17
2.85
3.19
2.96
2.47
3.22
2.86
4.74
3.00
2.59
3.64
116
2.11
1.28
2.80
3.12
3.62
3.71
3.18
3.38
2.91
3.16
4.22
3.64
4.06
47.5
1.98
5.12
139
2.99
3.75
3.45
3.59
3.33
47.5
3.74
2.93
3.52
4.57
2.27
3.12
2.90
52.5
3.73
268
2.66
2.72
3.57
3.29
2.74
3.69
3.16
52.4
3.05
3.61
3.53
4.06
3.83
3.01
3.50
2.88
2.99
3.61
3.47
3.11
3.20
554
3.40
47.5
2.82
2.90
1.63
2.33
3.80
3.62
2.75
2.98
2.56
3.23
174
3.57
636
69.7
225
0
0
0
0
0
0
0
0
0
0
0
0
0
0
0
0
0
0
0
0
0
0
0
0
0
0
0
0
0
0
0
0
0
0
0
0
0
0
0
0
0
0
0
0
0
0
0
0
13.1
10.3
22.4
7.78
23.2
22.2
27.9
15.2
57.5
40.7
19.0
16.7
8.61
6.92
0
8.46
27.9
7.50
28.5
19.1
0
0
13.5
20.1
11.3
9.05
16.9
0
0
0
0
0
0
0
0
0
52.1
11.7
145
21.3
11.9
12.0
23.5
0
9.00
61.7
51.6
57.5
52.6
file
0
65.0
87.0
93.5
90.9
80.1
75.3
9.51
111
114
32.1
106
57.5
52.6
109
33.1
23.6
16.3
12.8
22.9
13.4
17.1
4.50
0
31.5
26.2
0
0
0
0
0
0
0
0
0
0
0
0
0
0
0
90.9
0
0
17.4
60.6
0
0
0
0
0
0
0
41.5
50.5
0
0
0
0
0
11.5
37.6
0
0
29.2
91.8
0
0
0
0
0
0
0
0
0
file
0
0
0
0
0
0
0
0
21.0
0
0
0
62.5
12.6
0
0
18.3
0
6.64
19.4
12.2
8.83
24.5
0
0
0
0
file
0
0
file
0
10.2
10.2
39.8
0
0
0
0
0
0
0
0
0
0
0
0
0
0
0
0
0
0
0
159
135
145
164
154
159
130
0
181
169
145
141
154
128
29.6
149
160
130
0
161
170
152
154
167
0
156
147
72.0
40.3
41.5
29.0
0
9.11
65.3
76.4
68.9
71.5
72.0
72.5
74.8
75.2
73.6
84.8
90.9
82.6
69.9
71.4
81.3
77.6
80.7
14.2
96.1
93.4
88.5
106
91.8
109
90.9
91.8
170
196
175
189
68.1
58.1
60.0
62.5
69.0
62.9
61.3
61.4
54.0
0
0
0
9.98
0
6.83
0
0
0
0
0
0
136
61.4
49.3
66.4
78.7
64.6
74.7
75.8
72.5
167
179
185
154
169
151
156
161
170
200
200
185
182
59.9
167
141
46.5
59.2
62.5
64.1
0
24.5
0
0
0
0
29.7
95.3
96.2
0
115
87.8
92.0
101
0
0
0
0
0
15.7
12.2
6.06
file
0
16.1
15.0
0
0
0
0
99.0
92.6
75.8
88.6
103
101
106
72.5
97.1
53.5
104
100
103
109
91.8
66.7
113
0
62.1
41.7
29.0
11.6
25.4
0
136
133
141
147
0
0
139
135
12.6
90.9
0
0
0
0
0
0
0
0
0
0
file
0
0
0
0
0
0
0
0
0
0
0
0
0
0
0
0
0
0
0
0
0
0
0
0
0
0
0
0
0
0
0
0
0
0
0
0
0
0
0
0
0
0
0
0
0
0
0
0
0
0
0
0
0
0
0
0
0
0
0
0
0
154
164
108
141
127
141
141
154
170
143
143
120
149
91.7
139
0
158
176
159
175
178
169
159
147
154
135
167
164
179
156
186
156
47.2
192
173
185
176
154
118
137
109
118
125
115
139
73.6
23.3
94.4
90.2
127
105
143
156
170
143
149
126
26.0
0
0
9.77
16.6
11.7
12.4
15.0
76.4
72.9
76.3
76.9
77.5
65.3
72.7
79.8
12.9
16.0
62.1
18.1
16.2
0
0
65.4
20.6
20.4
36.6
10.5
12.7
10.7
18.8
34.4
10.4
0
23.9
19.7
0
0
0
27.9
34.1
42.6
11.1
16.0
0
0
0
0
0
0
0
0
0
0
0
0
0
0
0
0
0
0
0
0
0
0
0
0
0
0
0
file
0
0
13.4
0
0
0
0
0
0
0
15.1
9.57
10.1
6.52
14.0
0
15.0
10.8
file
0
13.0
file
0
0
0
0
0
0
0
10.8
0
0
0
0
0
0
0
0
0
0
0
0
0
3.48
0
0
0
0
0
0
file
0
0
file
0
0
4.13
0
0
0
0
0
0
0
0
0
0
0
0
0
10.7
0
0
file
0
0
0
0
0
0
0
0
0
0
0
0
0
0
30.5
0
169
146
157
97.1
7.68
28.4
0
66.7
67.1
73.0
70.9
58.5
27.4
0
65.0
74.8
0
0
0
111
119
109
121
48.8
108
0
101
123
133
0
141
78.8
139
176
139
115
0
0
0
9.06
67.6
82.5
76.3
81.4
0
61.7
83.4
70.4
76.9
84.0
62.5
62.1
48.8
11.9
32.8
0
0
84.0
93.4
105
159
196
167
145
152
161
116
156
152
154
137
133
167
147
145
130
149
82.7
0
0
7.28
21.7
23.1
14.3
13.4
16.0
0
0
7.09
0
0
0
0
0
0
0
0
7.23
10.5
8.93
0
9.43
8.61
6.81
7.26
7.69
6.27
0
0
124
70.4
52.6
130
164
145
179
187
172
137
161
130
167
173
129
112
0
138
104
62.5
0
0
0
164
128
119
